% # iter+eval+sigma+axisratio+stddevratio+diag(D) (randomSeed=1643235079, Fri Feb 23 00:49:15 2018)
0	0	3.0000e-01	1.00e+00	1	1	1	1	1	1	1	1	1	1	1
1	10	2.9094e-01	1.00e+00	1.02964	1	1	1	1	1	1	1	1	1	1
2	20	2.7847e-01	1.12e+00	1.03986	0.983636	0.983636	0.983636	0.983636	0.983636	0.986202	0.99234	1.01492	1.0232	1.10058
3	30	2.7253e-01	1.14e+00	1.03864	0.967629	0.968848	0.970197	0.972083	0.973494	0.979652	0.996459	1.00307	1.01949	1.10459
4	40	2.6359e-01	1.18e+00	1.04827	0.953202	0.955007	0.95644	0.961674	0.968434	0.979254	0.992952	0.998108	1.0146	1.12457
5	50	2.4577e-01	1.21e+00	1.0616	0.940224	0.943418	0.955487	0.959748	0.970437	0.973895	0.978078	0.992052	1.00716	1.13324
6	60	2.2560e-01	1.22e+00	1.05594	0.927125	0.941243	0.941583	0.951049	0.959292	0.963377	0.979096	0.994858	1.0009	1.12799
7	70	2.2654e-01	1.23e+00	1.06565	0.917707	0.92741	0.930796	0.941728	0.95046	0.955765	0.979709	0.994175	1.00286	1.12832
8	80	2.1728e-01	1.25e+00	1.07603	0.911154	0.913356	0.923851	0.933064	0.942914	0.94648	0.986077	0.993013	1.07108	1.13493
9	90	2.2248e-01	1.24e+00	1.13237	0.902063	0.906961	0.913312	0.926174	0.930861	0.93947	0.98301	0.989325	1.08125	1.12155
10	100	2.2067e-01	1.29e+00	1.16308	0.891987	0.895501	0.908479	0.917782	0.925826	0.967103	0.976625	0.984595	1.07691	1.14748
11	110	2.1788e-01	1.32e+00	1.1998	0.88007	0.883472	0.898037	0.909322	0.919642	0.960187	0.974462	0.977362	1.09025	1.16283
12	120	2.0766e-01	1.38e+00	1.20574	0.870501	0.876563	0.886501	0.897475	0.91104	0.956067	0.960329	0.982135	1.08686	1.20047
13	130	2.1241e-01	1.38e+00	1.18134	0.862461	0.875808	0.882284	0.893329	0.905862	0.947779	0.95635	0.976823	1.07897	1.18975
14	140	2.2407e-01	1.37e+00	1.18764	0.864507	0.87408	0.884565	0.890926	0.906266	0.934718	0.961094	0.968531	1.11698	1.18023
15	150	2.1656e-01	1.41e+00	1.20088	0.863069	0.872359	0.877115	0.88221	0.897328	0.92858	0.948075	0.98578	1.13423	1.22013
16	160	2.3181e-01	1.44e+00	1.21454	0.853676	0.866286	0.876824	0.885682	0.892049	0.939874	0.956742	0.981367	1.18163	1.22836
17	170	2.1683e-01	1.47e+00	1.20744	0.841822	0.85316	0.874125	0.884206	0.90354	0.934114	0.967127	0.978948	1.18463	1.23412
18	180	2.1645e-01	1.46e+00	1.21036	0.834472	0.84711	0.862906	0.880297	0.905382	0.923338	0.956765	0.976946	1.17227	1.22214
19	190	2.0058e-01	1.47e+00	1.21663	0.830177	0.836527	0.858605	0.887055	0.906971	0.923981	0.958675	0.964664	1.16444	1.22435
20	200	1.7546e-01	1.47e+00	1.21404	0.821297	0.83071	0.848094	0.884368	0.908788	0.920597	0.950754	0.957334	1.15837	1.20907
21	210	1.6942e-01	1.47e+00	1.22023	0.813905	0.821339	0.836486	0.877894	0.896255	0.918037	0.946097	0.965086	1.15506	1.19848
22	220	1.6605e-01	1.50e+00	1.21861	0.801974	0.813164	0.839862	0.874889	0.883921	0.925883	0.938784	0.960778	1.1436	1.20099
23	230	1.5397e-01	1.50e+00	1.23933	0.79116	0.806859	0.834786	0.865588	0.877709	0.92801	0.944677	0.951966	1.13054	1.18897
24	240	1.4858e-01	1.50e+00	1.269	0.780648	0.814415	0.826282	0.865721	0.870405	0.929196	0.94773	0.954029	1.12606	1.17094
25	250	1.5252e-01	1.52e+00	1.3066	0.770086	0.812782	0.845115	0.85839	0.877168	0.922039	0.942974	0.952966	1.1348	1.16951
26	260	1.4857e-01	1.55e+00	1.32946	0.764169	0.808355	0.837573	0.863297	0.88639	0.926579	0.936125	0.946618	1.13057	1.18388
27	270	1.4342e-01	1.60e+00	1.33301	0.752554	0.795295	0.831892	0.862524	0.882308	0.925877	0.932013	0.952671	1.11438	1.20326
28	280	1.4777e-01	1.60e+00	1.33847	0.744047	0.78719	0.839842	0.850323	0.885197	0.916791	0.925896	0.960881	1.10608	1.19298
29	290	1.4297e-01	1.65e+00	1.37182	0.738261	0.783673	0.839574	0.843801	0.903457	0.908868	0.912919	0.948635	1.11867	1.21832
30	300	1.4284e-01	1.68e+00	1.39226	0.728012	0.788042	0.832712	0.844141	0.893733	0.898195	0.915897	0.952317	1.12134	1.22126
31	310	1.3371e-01	1.72e+00	1.40725	0.718744	0.780798	0.820959	0.83581	0.883791	0.897097	0.90945	0.950949	1.13051	1.23583
32	320	1.1970e-01	1.73e+00	1.41512	0.708984	0.771794	0.812904	0.830002	0.883334	0.892517	0.898104	0.946409	1.1161	1.22923
33	330	1.1515e-01	1.75e+00	1.41461	0.701276	0.769247	0.807853	0.818155	0.879365	0.88479	0.892117	0.957051	1.10418	1.22512
34	340	1.0559e-01	1.75e+00	1.43002	0.691775	0.763938	0.797927	0.82363	0.868801	0.873077	0.880279	0.957649	1.09106	1.20958
35	350	1.1028e-01	1.74e+00	1.46342	0.685	0.755853	0.78955	0.818864	0.862934	0.873087	0.882675	0.948686	1.10219	1.19401
36	360	1.1173e-01	1.83e+00	1.49211	0.676644	0.758887	0.780311	0.819061	0.854505	0.865318	0.898218	0.945079	1.09393	1.24155
37	370	1.1044e-01	1.89e+00	1.49739	0.666507	0.76311	0.768693	0.815586	0.851539	0.868021	0.891118	0.933343	1.09544	1.25998
38	380	1.1748e-01	1.95e+00	1.57346	0.66138	0.75652	0.790727	0.810346	0.844056	0.856851	0.906508	0.928949	1.10613	1.28805
39	390	1.1729e-01	1.95e+00	1.61669	0.659	0.746168	0.783021	0.821358	0.833047	0.8743	0.903264	0.921694	1.1279	1.28545
40	400	1.1499e-01	2.01e+00	1.63585	0.649859	0.736988	0.776788	0.814621	0.833897	0.872023	0.899947	0.90787	1.13598	1.30435
41	410	1.1578e-01	2.02e+00	1.7086	0.642127	0.737846	0.764599	0.805192	0.829571	0.867812	0.894686	0.927432	1.15125	1.29588
42	420	1.2260e-01	2.02e+00	1.81045	0.636808	0.732747	0.752782	0.7953	0.826653	0.859007	0.883583	0.945197	1.17257	1.28824
43	430	1.1548e-01	2.08e+00	1.83356	0.634695	0.723604	0.748463	0.791149	0.816314	0.86034	0.872183	0.942484	1.21289	1.3192
44	440	1.1693e-01	2.09e+00	1.88032	0.628751	0.724869	0.743143	0.780417	0.804764	0.85126	0.868457	0.930197	1.20456	1.3168
45	450	1.1452e-01	2.14e+00	1.88054	0.618978	0.716982	0.750699	0.773162	0.81372	0.848841	0.867539	0.923281	1.20537	1.32613
46	460	1.1701e-01	2.14e+00	1.8768	0.616246	0.710993	0.743916	0.771703	0.80349	0.854848	0.87264	0.924292	1.19281	1.31814
47	470	1.0654e-01	2.13e+00	1.8753	0.612945	0.70206	0.74539	0.763469	0.803807	0.859576	0.883323	0.944555	1.1905	1.30304
48	480	9.7733e-02	2.13e+00	1.8575	0.606796	0.695738	0.744595	0.755528	0.795659	0.861367	0.876828	0.938294	1.1806	1.29091
49	490	9.3260e-02	2.12e+00	1.87014	0.603129	0.688601	0.74041	0.764487	0.78627	0.859902	0.868095	0.932434	1.19388	1.2769
50	500	9.0632e-02	2.12e+00	1.87647	0.595477	0.685027	0.740517	0.762683	0.785673	0.850062	0.876822	0.937833	1.18362	1.26252
51	510	9.2809e-02	2.14e+00	1.88015	0.588275	0.676419	0.737345	0.758604	0.779572	0.84289	0.890015	0.960058	1.18081	1.26009
52	520	8.9749e-02	2.16e+00	1.8879	0.580758	0.672489	0.746986	0.75016	0.775398	0.835291	0.90951	0.95645	1.172	1.25711
53	530	9.7443e-02	2.17e+00	1.87922	0.572667	0.663051	0.738268	0.744508	0.770494	0.836168	0.908753	0.961254	1.16349	1.24317
54	540	9.9910e-02	2.16e+00	1.87973	0.567811	0.65793	0.726892	0.736027	0.764718	0.82651	0.915876	1.01296	1.16222	1.22687
55	550	1.0713e-01	2.18e+00	1.86954	0.561717	0.654345	0.722066	0.732619	0.756477	0.815168	0.90574	1.0179	1.20819	1.22323
56	560	1.1117e-01	2.28e+00	1.8797	0.560131	0.645901	0.712356	0.726769	0.762826	0.817214	0.895988	1.0058	1.19574	1.27645
57	570	1.1286e-01	2.38e+00	1.8777	0.552329	0.648369	0.704084	0.72175	0.753016	0.809032	0.888814	1.00357	1.1778	1.31536
58	580	1.0705e-01	2.43e+00	1.89156	0.544478	0.664268	0.696973	0.712503	0.745071	0.798756	0.889212	0.990943	1.16176	1.32054
59	590	9.5137e-02	2.43e+00	1.9093	0.538836	0.663452	0.701412	0.714886	0.754534	0.789969	0.893933	0.988071	1.14916	1.31191
60	600	9.2935e-02	2.49e+00	1.89518	0.531441	0.663415	0.698088	0.705853	0.749673	0.789024	0.890316	0.997389	1.13744	1.3223
61	610	8.3945e-02	2.49e+00	1.9115	0.529614	0.666794	0.694863	0.700609	0.743131	0.779527	0.897168	0.986741	1.14141	1.32107
62	620	8.4166e-02	2.51e+00	1.93539	0.522521	0.657823	0.692045	0.698467	0.737438	0.77492	0.894004	0.976098	1.13592	1.31395
63	630	7.4967e-02	2.57e+00	1.9435	0.521688	0.652511	0.686415	0.699455	0.732247	0.76286	0.885384	0.985279	1.16814	1.33814
64	640	7.4100e-02	2.57e+00	1.96599	0.516218	0.64585	0.678038	0.696525	0.728698	0.752504	0.878148	0.973401	1.17668	1.32759
65	650	7.6790e-02	2.58e+00	1.96988	0.511311	0.641219	0.668872	0.696838	0.722806	0.749967	0.880775	0.985605	1.18542	1.31916
66	660	6.9868e-02	2.69e+00	1.99151	0.505085	0.643662	0.66164	0.692406	0.718728	0.75277	0.880115	0.980646	1.17748	1.35853
67	670	6.2323e-02	2.71e+00	1.99685	0.497512	0.639917	0.656433	0.688963	0.71471	0.754964	0.89742	0.988631	1.17829	1.34604
68	680	5.8861e-02	2.72e+00	2.05614	0.49139	0.634322	0.661436	0.680494	0.705308	0.74913	0.885725	0.976059	1.16237	1.33827
69	690	5.1620e-02	2.76e+00	2.05385	0.484075	0.650456	0.653282	0.686797	0.699031	0.745073	0.881594	0.964292	1.15151	1.33484
70	700	4.7711e-02	2.77e+00	2.06369	0.478981	0.642836	0.652143	0.678114	0.693213	0.738643	0.876583	0.953294	1.1377	1.32711
71	710	4.5682e-02	2.77e+00	2.0771	0.474385	0.637565	0.646174	0.673824	0.694147	0.748046	0.868636	0.946043	1.12772	1.3162
72	720	4.3783e-02	2.80e+00	2.07172	0.469142	0.629589	0.639025	0.673585	0.685666	0.746232	0.882483	0.938984	1.11242	1.31501
73	730	4.4080e-02	2.83e+00	2.07477	0.463777	0.62471	0.631049	0.66488	0.679746	0.749873	0.876072	0.933888	1.1008	1.31256
74	740	4.3631e-02	2.85e+00	2.06732	0.457209	0.619285	0.625904	0.663296	0.673916	0.753065	0.876983	0.938428	1.11093	1.30084
75	750	4.5731e-02	2.84e+00	2.11844	0.454714	0.612702	0.628692	0.657459	0.670087	0.745113	0.868406	0.945943	1.10607	1.29192
76	760	4.8976e-02	2.88e+00	2.12616	0.45028	0.611988	0.623143	0.659144	0.662602	0.743839	0.862376	0.943805	1.1459	1.29478
77	770	5.1562e-02	2.87e+00	2.14442	0.44496	0.604915	0.61645	0.652773	0.654531	0.737825	0.882787	0.944031	1.18377	1.2759
78	780	5.0304e-02	2.89e+00	2.16282	0.440107	0.609859	0.634315	0.645723	0.659028	0.730565	0.879469	0.937577	1.19278	1.27259
79	790	4.6886e-02	2.89e+00	2.19025	0.434544	0.601144	0.632151	0.64564	0.655374	0.737272	0.871695	0.926975	1.18945	1.25455
81	810	4.0395e-02	2.90e+00	2.20217	0.425093	0.593397	0.624324	0.639102	0.648734	0.725492	0.880296	0.912001	1.17231	1.23319
84	840	3.6272e-02	2.99e+00	2.24278	0.418739	0.594154	0.612778	0.625541	0.632706	0.744382	0.873484	0.88259	1.17341	1.25187
88	880	3.5110e-02	3.09e+00	2.31725	0.405746	0.570231	0.593839	0.61157	0.648494	0.727735	0.850602	0.865475	1.17303	1.25385
93	930	2.9459e-02	3.20e+00	2.43084	0.393033	0.561999	0.583327	0.606091	0.651197	0.714849	0.821107	0.880721	1.16894	1.25715
99	990	1.6391e-02	3.26e+00	2.51234	0.363391	0.546797	0.555823	0.574385	0.613725	0.730012	0.774324	0.849234	1.10571	1.18562
106	1060	1.1037e-02	3.34e+00	2.55437	0.339034	0.50923	0.528347	0.563609	0.600232	0.722534	0.73516	0.824491	1.05899	1.13336
114	1140	1.1755e-02	3.68e+00	3.05298	0.311854	0.490317	0.498605	0.55075	0.600553	0.678012	0.715714	0.882356	1.04353	1.14766
123	1230	9.9638e-03	4.19e+00	3.51014	0.283457	0.446108	0.469209	0.539483	0.615024	0.628422	0.725862	0.865926	1.01399	1.1882
133	1330	7.2999e-03	4.68e+00	3.897	0.254247	0.405716	0.434774	0.523014	0.554029	0.576157	0.687555	0.913251	0.980649	1.18919
143	1430	5.3122e-03	5.02e+00	4.13112	0.233137	0.373746	0.439737	0.47189	0.517939	0.555249	0.695381	0.857654	0.966644	1.17036
154	1540	3.8568e-03	5.53e+00	4.52158	0.206044	0.350486	0.403696	0.436289	0.480077	0.542499	0.683529	0.852795	0.983163	1.1396
166	1660	6.3812e-03	8.12e+00	5.96243	0.183066	0.328214	0.380704	0.399336	0.444411	0.490826	0.629234	0.817368	1.03652	1.48586
179	1790	3.2369e-03	9.42e+00	6.75537	0.167586	0.290245	0.339844	0.354279	0.393944	0.473682	0.604451	0.739543	0.957987	1.57785
193	1930	1.6682e-03	1.02e+01	7.10031	0.150671	0.259529	0.305801	0.314226	0.348448	0.422734	0.599253	0.675679	0.936432	1.54435
208	2080	6.6976e-04	1.04e+01	7.27328	0.13161	0.22872	0.286243	0.309243	0.309766	0.381375	0.537012	0.663885	0.887871	1.372
222	2220	7.0577e-04	1.05e+01	7.92587	0.118855	0.204856	0.254677	0.270807	0.282218	0.357955	0.561718	0.655102	0.973707	1.24391
238	2380	3.3475e-04	1.12e+01	8.47441	0.103789	0.185893	0.232387	0.25311	0.264526	0.303804	0.527952	0.622988	1.00157	1.161
255	2550	1.0543e-04	1.18e+01	9.66614	0.0880452	0.155859	0.199216	0.23102	0.24104	0.269316	0.50584	0.53677	0.96507	1.0412
273	2730	4.3233e-05	1.23e+01	9.74668	0.0778949	0.137867	0.174341	0.195779	0.225832	0.250335	0.475512	0.532815	0.867488	0.955363
292	2920	2.6323e-05	1.37e+01	10.0394	0.0715597	0.126413	0.164911	0.19656	0.223942	0.23296	0.415247	0.51751	0.844988	0.97793
303	3030	1.9612e-05	1.39e+01	10.45	0.0673577	0.122857	0.154896	0.182317	0.207477	0.239854	0.411371	0.525798	0.832575	0.937465
323	3230	2.2096e-05	1.40e+01	10.4578	0.0626179	0.122296	0.154057	0.160648	0.213558	0.237294	0.391752	0.565489	0.766244	0.874339
344	3440	1.7234e-05	2.07e+01	14.9762	0.0569761	0.106912	0.141308	0.159416	0.215463	0.221791	0.396313	0.537755	0.760508	1.17893
366	3660	1.4839e-05	2.04e+01	14.8518	0.0523276	0.0976332	0.129851	0.144991	0.211318	0.252069	0.371063	0.546238	0.765393	1.06774
386	3860	1.3149e-05	2.07e+01	13.8212	0.0490092	0.0835615	0.112723	0.135093	0.199677	0.240327	0.35415	0.598395	0.742026	1.01383
409	4090	1.2658e-05	1.94e+01	11.4883	0.0505516	0.0806321	0.105716	0.122531	0.198085	0.241987	0.352665	0.556474	0.698837	0.978225
433	4330	7.7793e-06	2.06e+01	11.0601	0.050777	0.0728335	0.102796	0.112378	0.195215	0.226838	0.308549	0.513939	0.718729	1.04734
458	4580	5.4718e-06	2.28e+01	11.7175	0.043437	0.0637561	0.101683	0.103747	0.192914	0.225049	0.308937	0.527688	0.723298	0.988332
468	4680	5.7359e-06	2.33e+01	10.7024	0.0416187	0.0642741	0.103538	0.116993	0.1835	0.23808	0.308517	0.501518	0.71634	0.9707
494	4940	8.7491e-06	2.55e+01	9.75953	0.0375497	0.0664112	0.0993607	0.106189	0.173819	0.241216	0.35892	0.535192	0.690081	0.95901
521	5210	3.5762e-06	2.69e+01	10.9213	0.0332039	0.062743	0.0889323	0.101256	0.152779	0.222026	0.343082	0.503159	0.637387	0.894327
549	5490	5.5730e-06	3.60e+01	12.314	0.0305648	0.0582992	0.0777028	0.0913747	0.164111	0.209048	0.347461	0.437808	0.620619	1.10051
551	5510	4.6209e-06	3.67e+01	12.7787	0.0297364	0.0596718	0.0756374	0.0938574	0.161463	0.203685	0.359434	0.436443	0.635632	1.09014
580	5800	6.5502e-06	3.27e+01	10.5952	0.0315954	0.0603231	0.0690488	0.0886835	0.152663	0.165372	0.352376	0.467651	0.634185	1.03346
610	6100	5.5891e-06	3.58e+01	11.9634	0.0280938	0.0477434	0.072844	0.0928928	0.134076	0.159663	0.315017	0.45641	0.662682	1.00588
634	6340	2.9712e-06	4.08e+01	14.0928	0.024258	0.0419217	0.0637522	0.0866829	0.122048	0.155317	0.298455	0.439979	0.679128	0.990226
665	6650	2.0669e-06	3.76e+01	10.6112	0.0245463	0.0389382	0.05893	0.0727776	0.106455	0.191821	0.288149	0.424638	0.609437	0.923051
697	6970	1.4015e-06	3.50e+01	9.47804	0.022529	0.0344674	0.0521796	0.0664185	0.0991234	0.169928	0.261675	0.474049	0.56115	0.789037
718	7180	1.4405e-06	3.49e+01	9.80496	0.0221306	0.0324	0.056302	0.0610985	0.0901113	0.160687	0.259264	0.475934	0.502719	0.773382
751	7510	2.3246e-06	3.84e+01	7.95565	0.018141	0.0294408	0.0555563	0.0616943	0.091825	0.155205	0.235258	0.434606	0.583356	0.697415
785	7850	1.7554e-06	4.33e+01	7.55843	0.0175236	0.0286716	0.0525234	0.06504	0.079008	0.138632	0.202004	0.396194	0.550765	0.759075
801	8010	1.8536e-06	4.73e+01	8.86389	0.0176317	0.0295933	0.0508405	0.0610903	0.0772159	0.13032	0.192075	0.361145	0.546498	0.833349
836	8360	1.7706e-06	4.06e+01	10.1461	0.0209587	0.0297016	0.0432717	0.0609439	0.0652424	0.113324	0.173845	0.329801	0.526344	0.851912
872	8720	1.5680e-06	4.47e+01	11.6795	0.0191355	0.0277175	0.0424228	0.0581679	0.0613351	0.0974916	0.180895	0.298332	0.474816	0.856061
884	8840	1.9040e-06	4.55e+01	12.2703	0.0189844	0.026933	0.0436542	0.0544134	0.0662518	0.097078	0.186713	0.271638	0.46254	0.863731
921	9210	4.2531e-06	5.80e+01	17.8044	0.0168218	0.0276496	0.039235	0.0468419	0.0672638	0.0912552	0.214841	0.256548	0.403732	0.975794
959	9590	5.3188e-06	6.06e+01	15.9479	0.0159167	0.0264902	0.0378817	0.0440428	0.0648927	0.0911634	0.208882	0.223594	0.394136	0.964228
966	9660	5.4101e-06	6.33e+01	16.0655	0.015357	0.0259119	0.0360009	0.0467791	0.0632175	0.0915507	0.207854	0.228038	0.378817	0.971762
1005	10050	1.0240e-05	8.84e+01	16.0378	0.012434	0.022238	0.0329656	0.0433365	0.0575001	0.092085	0.178009	0.226631	0.448993	1.09915
1045	10450	7.6707e-06	9.68e+01	16.4898	0.0111444	0.0202976	0.0322085	0.0405337	0.051111	0.0823461	0.144157	0.240091	0.453589	1.0787
1046	10460	7.1753e-06	9.71e+01	16.4512	0.01104	0.0200424	0.0320932	0.0405312	0.0511107	0.0819344	0.145703	0.239468	0.450707	1.07178
1087	10870	8.2273e-06	1.28e+02	18.512	0.00933518	0.0157622	0.0302315	0.0349379	0.0490011	0.0873967	0.127614	0.253682	0.406349	1.19849
1129	11290	1.1822e-05	1.37e+02	17.9523	0.00897114	0.0149196	0.0242222	0.0351763	0.0501821	0.0914136	0.115658	0.261698	0.40604	1.23193
1130	11300	1.2002e-05	1.37e+02	17.9488	0.00892507	0.0148449	0.0240482	0.0351687	0.0502894	0.0907346	0.115361	0.260738	0.405363	1.22237
1173	11730	1.7401e-05	1.74e+02	17.8372	0.00747875	0.0124474	0.0205677	0.0347326	0.0513966	0.083924	0.11258	0.245245	0.438612	1.30237
1212	12120	2.3797e-05	1.80e+02	12.9706	0.00630321	0.0120752	0.01821	0.0330265	0.0484914	0.0947506	0.12135	0.241973	0.398924	1.13432
1256	12560	2.3700e-05	1.71e+02	12.3128	0.00567168	0.0100446	0.0160844	0.0339472	0.0509339	0.084048	0.108397	0.220325	0.355287	0.967059
1296	12960	8.6502e-06	1.94e+02	12.7988	0.00440668	0.00924722	0.0158014	0.0306171	0.0487165	0.0742172	0.10075	0.205232	0.293774	0.854155
1341	13410	3.6926e-06	2.14e+02	14.2942	0.00412588	0.00848272	0.0128969	0.0269128	0.0436788	0.0670841	0.087638	0.196284	0.325297	0.884759
1380	13800	3.5367e-06	1.94e+02	14.2496	0.00448582	0.0074868	0.0119389	0.0247475	0.0430955	0.0622294	0.0871847	0.185747	0.337627	0.871378
1426	14260	4.4836e-06	1.86e+02	12.4637	0.00437369	0.00636576	0.0118402	0.023917	0.040811	0.0638075	0.077843	0.172781	0.365982	0.813307
1464	14640	1.9126e-06	1.86e+02	10.5289	0.00360653	0.0050181	0.0102798	0.0237177	0.0366017	0.0592556	0.0727081	0.164105	0.394286	0.671238
1511	15110	2.2351e-06	2.16e+02	10.7906	0.00289693	0.00485452	0.00922914	0.0202084	0.0329455	0.0579414	0.0775181	0.163448	0.366969	0.626815
1548	15480	3.6518e-06	3.33e+02	13.7481	0.00236142	0.00484191	0.00833884	0.0180955	0.0316442	0.0502298	0.0722932	0.15053	0.349067	0.785785
1596	15960	3.3819e-06	2.45e+02	9.97897	0.00278627	0.00395913	0.00767487	0.0154371	0.0275559	0.0590324	0.0677274	0.122715	0.407748	0.683232
1631	16310	4.7111e-06	2.57e+02	9.78425	0.00246388	0.00352919	0.00794337	0.0148838	0.028394	0.0554414	0.0634154	0.113962	0.373464	0.633579
1680	16800	1.2915e-06	3.26e+02	10.3878	0.00184604	0.00300219	0.00677127	0.0122557	0.0267746	0.0444989	0.0572172	0.10044	0.330458	0.600912
1716	17160	1.2558e-06	3.41e+02	11.9639	0.00173853	0.00263643	0.00590278	0.0121526	0.0245887	0.0388253	0.0489749	0.104792	0.338611	0.592835
1766	17660	1.2886e-06	3.15e+02	10.8562	0.00168624	0.00244675	0.00628747	0.0115834	0.0235915	0.0301268	0.0390454	0.0996905	0.35886	0.531042
1799	17990	1.7190e-06	2.97e+02	11.7789	0.00194631	0.00209215	0.00634828	0.0103466	0.0213862	0.0304603	0.0399482	0.0911942	0.34893	0.578115
1850	18500	1.3461e-06	3.75e+02	11.9892	0.00141521	0.00206938	0.00549386	0.01076	0.0183458	0.0310101	0.0353395	0.0916004	0.327199	0.530728
1882	18820	9.4749e-07	4.37e+02	11.2148	0.00119942	0.00186176	0.00557218	0.0105271	0.0181048	0.0272882	0.0333502	0.0862616	0.308721	0.523822
1934	19340	1.7666e-06	4.36e+02	12.2866	0.00113241	0.00158425	0.00491939	0.0104246	0.0192694	0.0289045	0.0336549	0.0761944	0.33995	0.494293
1965	19650	1.5289e-06	5.45e+02	12.7017	0.000954551	0.00167994	0.00427457	0.0092173	0.0173024	0.0291832	0.0296443	0.0739916	0.313763	0.520624
2018	20180	7.6677e-07	6.96e+02	14.709	0.000732605	0.0014142	0.00357766	0.00963632	0.0172516	0.0250836	0.0267233	0.0678949	0.299799	0.51
2048	20480	6.9060e-07	7.76e+02	15.5118	0.000665947	0.00128989	0.00337651	0.00894112	0.0179098	0.022006	0.0245587	0.0648038	0.295885	0.516495
2102	21020	1.6742e-06	9.17e+02	14.0082	0.0005179	0.00104955	0.00350598	0.00860583	0.017586	0.0193812	0.0226469	0.0676234	0.298734	0.474903
2132	21320	2.8411e-06	1.35e+03	16.3406	0.00042813	0.00103724	0.00314604	0.00814901	0.0172186	0.0188059	0.0248344	0.0680116	0.285042	0.578059
2187	21870	1.4348e-06	1.52e+03	19.4821	0.000383862	0.00116096	0.00339489	0.006066	0.013974	0.0145697	0.0209143	0.0550493	0.25852	0.584368
2216	22160	4.4150e-06	1.99e+03	24.3667	0.000344837	0.00100365	0.00353655	0.00597587	0.0132709	0.0160437	0.0206384	0.0502845	0.243491	0.686875
2272	22720	5.2670e-06	2.04e+03	18.1704	0.000288146	0.000870541	0.00310674	0.00556832	0.0102375	0.0165331	0.0196897	0.0493411	0.243397	0.588857
2300	23000	3.9179e-06	2.02e+03	18.6966	0.000262885	0.000881186	0.00313992	0.00524267	0.0101897	0.0165898	0.0205333	0.0471789	0.213891	0.530567
2357	23570	1.7089e-06	2.68e+03	16.4399	0.000200982	0.000774925	0.00322299	0.00493357	0.00959013	0.0139518	0.0164882	0.0408675	0.206539	0.539083
2384	23840	1.7134e-06	2.93e+03	18.6197	0.000187602	0.000778996	0.00327637	0.00412006	0.00835028	0.0125278	0.0162797	0.0354475	0.200082	0.549901
2442	24420	1.8172e-06	2.45e+03	13.2663	0.000165849	0.00077626	0.00263763	0.00372806	0.0073163	0.0123778	0.0150833	0.0356654	0.200317	0.406403
2467	24670	8.7401e-07	2.69e+03	14.2358	0.000149063	0.000694646	0.00262972	0.00357074	0.00665264	0.0111289	0.0146876	0.0323434	0.188582	0.401677
2526	25260	4.2500e-07	2.50e+03	13.3739	0.00015026	0.000615665	0.00192883	0.00295293	0.00579358	0.0118129	0.0149775	0.027137	0.176947	0.375074
2551	25510	7.6198e-07	2.99e+03	12.4073	0.000134616	0.000627258	0.00174991	0.00304069	0.00530287	0.0121158	0.014272	0.0304346	0.186316	0.40236
2611	26110	3.5908e-07	3.07e+03	13.4575	0.000119606	0.000495017	0.00156162	0.00242728	0.00431664	0.0110813	0.0135893	0.0249577	0.160308	0.36679
2634	26340	1.6752e-07	3.48e+03	13.2211	0.000111364	0.000458593	0.00151154	0.00221766	0.0039103	0.0106222	0.0120375	0.0227609	0.159967	0.387765
2695	26950	9.8646e-08	3.24e+03	13.8337	0.000120493	0.000420319	0.00124797	0.00187048	0.00336193	0.00862346	0.0112849	0.0222249	0.142397	0.390305
2718	27180	2.3013e-07	3.57e+03	12.9095	0.000109678	0.00041372	0.00109833	0.0019588	0.00360349	0.00870061	0.0115331	0.0220623	0.157254	0.391483
2780	27800	1.0371e-07	3.77e+03	13.091	9.82302e-05	0.000346249	0.000956786	0.00182102	0.00307729	0.00698043	0.0104224	0.0255197	0.142507	0.369918
2799	27990	8.1562e-08	3.82e+03	13.108	9.17739e-05	0.00032261	0.00104331	0.00177223	0.00273619	0.00637062	0.0102663	0.0238028	0.133568	0.350843
2862	28620	1.9194e-07	3.56e+03	12.1245	8.29362e-05	0.000303085	0.000968795	0.00162107	0.00233773	0.00777606	0.00881423	0.0258313	0.127115	0.295148
2882	28820	2.8023e-07	3.96e+03	12.2347	7.86271e-05	0.000320881	0.00087554	0.00163628	0.00232045	0.00694181	0.00986743	0.0239888	0.123219	0.31109
2946	29460	3.2038e-07	4.74e+03	11.5212	6.55428e-05	0.000308244	0.000833682	0.00143975	0.00242124	0.00619643	0.00871901	0.0229987	0.121425	0.31071
2965	29650	1.9646e-07	4.70e+03	11.6868	6.43598e-05	0.000295613	0.000756286	0.00136951	0.00218053	0.00577804	0.00915162	0.0213763	0.125592	0.302765
3030	30300	6.6894e-08	4.31e+03	10.9771	5.54392e-05	0.000280805	0.000654942	0.00112191	0.00168885	0.00580237	0.00830182	0.0194129	0.110128	0.238676
3048	30480	4.4490e-08	4.84e+03	11.9749	4.89743e-05	0.000267551	0.000733161	0.00104049	0.00163679	0.00566289	0.00741523	0.0194857	0.0979559	0.236902
3114	31140	5.3998e-08	5.61e+03	13.4659	4.47382e-05	0.000307637	0.000623141	0.00095946	0.00145151	0.00469455	0.006246	0.0170311	0.0864949	0.250777
3128	31280	3.6071e-08	5.26e+03	12.8208	4.39798e-05	0.000295223	0.000621377	0.00103832	0.00133473	0.00446837	0.00613789	0.0168068	0.0859087	0.23131
3195	31950	3.5392e-08	5.18e+03	10.8092	3.51463e-05	0.000233964	0.000528559	0.00085714	0.00118785	0.00450609	0.00649168	0.0168513	0.0853974	0.1822
3211	32110	2.2522e-08	5.36e+03	11.7486	3.44653e-05	0.000217697	0.000559094	0.000797464	0.00118807	0.00435782	0.00622914	0.0167318	0.0762942	0.184849
3279	32790	2.2151e-08	7.04e+03	14.4227	3.0722e-05	0.000207017	0.000430607	0.00070397	0.00100036	0.00436767	0.00597838	0.0155837	0.0631336	0.216331
3294	32940	1.1307e-08	6.68e+03	13.5905	2.97548e-05	0.000202371	0.000379925	0.000660865	0.0009576	0.00407924	0.00584367	0.015533	0.0615398	0.198698
3363	33630	1.0311e-08	7.29e+03	13.3238	2.63653e-05	0.000190282	0.00037367	0.000649333	0.000731258	0.00337303	0.00614955	0.0150832	0.0613406	0.19221
3379	33790	8.5194e-09	7.53e+03	12.3537	2.51596e-05	0.000194374	0.000355366	0.000606197	0.000737002	0.00339834	0.00576366	0.0148556	0.0665558	0.189437
3449	34490	3.5073e-09	6.14e+03	14.5078	2.64375e-05	0.000155125	0.000242332	0.000561659	0.000635711	0.00299819	0.00479493	0.0143178	0.0525165	0.162198
3463	34630	4.3444e-09	5.77e+03	14.6154	2.62798e-05	0.000146609	0.00024427	0.000578216	0.000586096	0.00295085	0.00481952	0.0145349	0.0573115	0.151755
3534	35340	5.1898e-09	8.43e+03	17.3364	2.11861e-05	0.00010873	0.000191944	0.000522378	0.000678876	0.00276796	0.00413195	0.0140989	0.044977	0.178638
3546	35460	4.0011e-09	8.95e+03	16.8127	2.05391e-05	0.000102298	0.000177444	0.000494317	0.000660912	0.00279926	0.00396716	0.013398	0.0431612	0.183814
3618	36180	3.5609e-09	9.01e+03	15.5766	1.83514e-05	8.3988e-05	0.000170932	0.000366789	0.000679751	0.00257635	0.00404011	0.0108137	0.0431469	0.165259
3628	36280	3.4060e-09	8.63e+03	15.2277	1.84285e-05	8.37013e-05	0.000179155	0.000342073	0.000744269	0.00252053	0.00387399	0.0100087	0.0429788	0.159124
3701	37010	3.3187e-09	1.21e+04	15.7122	1.32905e-05	5.79332e-05	0.000150539	0.000283501	0.000769307	0.00238709	0.00355237	0.00916134	0.03989	0.161027
3710	37100	3.0451e-09	1.46e+04	15.361	1.26113e-05	5.77579e-05	0.000142921	0.000275835	0.000723013	0.00230158	0.00352912	0.00885447	0.0400547	0.184184
3784	37840	4.9236e-09	1.84e+04	15.504	1.07877e-05	4.37761e-05	0.000118708	0.000299317	0.000677479	0.0018048	0.00343327	0.00908608	0.0397976	0.198474
3793	37930	5.6318e-09	1.91e+04	15.3505	1.02111e-05	4.21203e-05	0.000127175	0.000303356	0.000646192	0.00188088	0.00358776	0.00886778	0.0397569	0.194679
3868	38680	1.6024e-08	2.71e+04	14.1469	8.71892e-06	3.41824e-05	0.000124515	0.000264099	0.000673446	0.00163649	0.00392131	0.00811707	0.0493523	0.236684
3875	38750	1.2188e-08	3.01e+04	14.1142	8.30591e-06	3.25929e-05	0.000126229	0.000252581	0.000696997	0.00158659	0.00383222	0.00800684	0.0504482	0.250109
3951	39510	1.0259e-08	3.49e+04	14.1756	6.81781e-06	2.89263e-05	0.000120324	0.000213845	0.000618795	0.00122912	0.00381484	0.00733695	0.0466067	0.238217
3960	39600	1.4938e-08	3.36e+04	14.0731	6.69345e-06	2.91813e-05	0.000129381	0.000207569	0.000635008	0.00129712	0.00379817	0.00718741	0.0454844	0.22522
4037	40370	1.5932e-08	3.53e+04	15.5568	5.51007e-06	2.69263e-05	0.000106536	0.000195043	0.000523472	0.00144929	0.00336625	0.00641281	0.0363999	0.194502
4043	40430	1.9590e-08	3.81e+04	15.8498	5.41325e-06	2.75621e-05	0.000102876	0.000191116	0.000529069	0.00142343	0.00335715	0.00666536	0.0361176	0.206368
4121	41210	3.3723e-08	4.60e+04	15.3071	4.74322e-06	2.30229e-05	7.98287e-05	0.000186681	0.000469031	0.00143592	0.0033365	0.00587751	0.0334608	0.218101
4127	41270	4.5493e-08	4.47e+04	15.419	4.84094e-06	2.28051e-05	8.30285e-05	0.000191436	0.000460715	0.00149949	0.00362538	0.00583386	0.0326882	0.21662
4206	42060	3.2813e-08	6.13e+04	16.9432	3.82529e-06	2.00822e-05	8.08933e-05	0.000154317	0.000410905	0.00147	0.00322964	0.00502725	0.0289123	0.234322
4210	42100	2.7465e-08	6.18e+04	16.9521	3.73288e-06	2.02224e-05	8.2908e-05	0.000149187	0.000407408	0.00146961	0.00311025	0.00495732	0.0279684	0.230814
4290	42900	2.0019e-08	6.34e+04	16.8179	2.83448e-06	1.63621e-05	8.85337e-05	0.000124587	0.00036033	0.00139157	0.00275536	0.00480135	0.0279819	0.179714
4294	42940	2.4658e-08	6.28e+04	16.8633	2.79081e-06	1.68496e-05	9.07413e-05	0.00012846	0.000346086	0.00134807	0.00267275	0.00496384	0.0272733	0.175308
4375	43750	1.7011e-08	6.28e+04	18.8916	2.66317e-06	1.3398e-05	6.59916e-05	0.000113744	0.000266595	0.00113087	0.00281116	0.00515486	0.0227439	0.167369
4377	43770	1.7630e-08	6.30e+04	18.9035	2.65376e-06	1.3122e-05	6.65155e-05	0.000113738	0.00026157	0.00111703	0.00277317	0.00513368	0.0237131	0.167319
4459	44590	4.9707e-08	6.71e+04	16.9242	2.41066e-06	1.03971e-05	6.31241e-05	9.60488e-05	0.000316424	0.00104006	0.00276853	0.0048498	0.0199379	0.161862
4461	44610	4.7792e-08	6.73e+04	16.7294	2.3525e-06	1.01903e-05	6.2206e-05	9.61267e-05	0.000328376	0.00102916	0.0027485	0.00482238	0.0200937	0.158409
4544	45440	3.0586e-07	9.85e+04	15.3519	1.9732e-06	8.65167e-06	5.73471e-05	9.56109e-05	0.000348684	0.00119206	0.00249096	0.0044263	0.0172585	0.19435
4545	45450	3.0348e-07	1.00e+05	15.3802	1.95112e-06	8.56461e-06	5.68294e-05	9.58842e-05	0.000344801	0.00119037	0.00252444	0.00439085	0.0170488	0.195381
4629	46290	1.5166e-06	1.27e+05	17.1299	1.7835e-06	7.49963e-06	5.95354e-05	9.81708e-05	0.000267271	0.000984929	0.00212534	0.00481241	0.0178953	0.22674
4714	47140	5.4155e-07	1.26e+05	17.514	1.44342e-06	7.16308e-06	5.25686e-05	9.3971e-05	0.00019263	0.000738916	0.00187591	0.00449402	0.0167237	0.181727
4798	47980	4.3702e-07	1.47e+05	17.7683	1.14802e-06	5.50687e-06	4.88633e-05	7.37236e-05	0.000162734	0.000872875	0.00178084	0.00380886	0.0133784	0.168321
4882	48820	7.5169e-07	2.13e+05	18.0936	8.95417e-07	6.09292e-06	4.44864e-05	5.89552e-05	0.00014158	0.000660948	0.00157937	0.00391372	0.0111466	0.190626
4966	49660	5.9611e-07	2.21e+05	17.5545	7.58158e-07	4.52287e-06	3.96715e-05	5.94341e-05	0.000132412	0.000636496	0.00127709	0.0034594	0.0110256	0.167929
5050	50500	7.2968e-07	1.77e+05	17.8318	7.75565e-07	4.53196e-06	3.32402e-05	5.87374e-05	9.41578e-05	0.000556738	0.00117243	0.00238375	0.0116062	0.137311
5135	51350	1.6101e-07	2.11e+05	18.0946	7.13262e-07	3.10455e-06	2.60276e-05	5.93485e-05	7.19079e-05	0.000492811	0.00110957	0.00214866	0.00992728	0.150527
5220	52200	1.4252e-07	2.54e+05	18.3644	6.3403e-07	2.81781e-06	1.99137e-05	4.51623e-05	8.94882e-05	0.000335079	0.000922638	0.00158983	0.0103425	0.161294
5303	53030	2.7820e-08	2.82e+05	17.9334	4.99855e-07	2.13411e-06	1.79349e-05	3.33699e-05	7.89398e-05	0.000281662	0.000831323	0.00123494	0.0103658	0.141202
5385	53850	6.7009e-08	3.47e+05	17.4117	3.58145e-07	2.02187e-06	1.52011e-05	2.46511e-05	9.62263e-05	0.000267657	0.000643968	0.00159106	0.00996349	0.124279
5469	54690	7.1821e-08	4.35e+05	16.0423	2.38855e-07	1.98567e-06	1.28739e-05	2.11557e-05	8.15299e-05	0.000254112	0.000526827	0.00201007	0.00922316	0.103859
5554	55540	6.8834e-08	5.20e+05	14.6864	1.86189e-07	1.64197e-06	8.60424e-06	1.53783e-05	7.89937e-05	0.000257746	0.000453946	0.00201201	0.0122901	0.0968046
5638	56380	5.8706e-08	9.24e+05	15.3725	1.19947e-07	1.31298e-06	6.93434e-06	1.67134e-05	6.94369e-05	0.000227036	0.000392748	0.00182033	0.0144034	0.110795
5721	57210	1.0555e-07	1.16e+06	17.1013	1.11334e-07	1.12238e-06	5.98878e-06	1.16667e-05	6.44784e-05	0.000269401	0.000414632	0.00151121	0.013214	0.128882
5805	58050	4.0741e-08	1.06e+06	18.9196	1.01827e-07	8.65395e-07	4.22787e-06	1.31043e-05	6.25629e-05	0.000215532	0.000282845	0.00120564	0.0153783	0.107867
5889	58890	1.4859e-08	9.66e+05	17.0236	8.45622e-08	7.28673e-07	3.31401e-06	1.04408e-05	6.45804e-05	0.000184413	0.000235806	0.0009833	0.0141828	0.0817102
5973	59730	3.1240e-08	9.31e+05	18.7528	7.62695e-08	7.10568e-07	2.97056e-06	9.22609e-06	5.65663e-05	0.000164157	0.000242315	0.000923869	0.0178589	0.0709834
6056	60560	1.2025e-07	1.49e+06	17.3625	5.13306e-08	6.09993e-07	2.91799e-06	6.84916e-06	5.39002e-05	0.000166636	0.000256113	0.000793212	0.0196109	0.0762792
6140	61400	5.2890e-08	2.05e+06	16.3542	3.78596e-08	4.60927e-07	2.71974e-06	6.93204e-06	4.1314e-05	0.00017972	0.000198696	0.000815226	0.0161005	0.0775668
6224	62240	9.7104e-08	2.46e+06	16.5531	3.38665e-08	4.01634e-07	2.55652e-06	5.46074e-06	3.36017e-05	0.000180649	0.000222781	0.000668959	0.0155901	0.0832093
6309	63090	1.8108e-07	2.52e+06	16.6851	2.77293e-08	3.49407e-07	1.82932e-06	5.38688e-06	3.1837e-05	0.000164128	0.000213718	0.000540261	0.0166141	0.0698277
6347	63470	9.0806e-08	3.00e+06	16.6617	2.38643e-08	3.14586e-07	1.74666e-06	4.73174e-06	3.1772e-05	0.00016595	0.000215195	0.000483369	0.0151898	0.0716248
