% # iter+eval+sigma+idxmaxSD+idxminSD+stddev (randomSeed=1653795566, Mon Aug 27 08:38:42 2018)
0	0	3.0000e-01	2	2	0.3	0.3	0.3	0.3	0.3
1	8	2.7447e-01	1	2	0.283676	0.268278	0.268945	0.271799	0.273129
2	16	2.5876e-01	1	3	0.266097	0.259047	0.246411	0.258803	0.252514
3	24	2.5514e-01	5	3	0.254845	0.254316	0.235716	0.248044	0.258228
4	32	2.5991e-01	2	3	0.250428	0.261666	0.239279	0.248512	0.255847
5	40	2.9313e-01	2	4	0.279426	0.303629	0.280493	0.272756	0.296329
6	48	3.2223e-01	3	4	0.313627	0.325405	0.326094	0.295364	0.315678
7	56	3.0544e-01	3	4	0.297066	0.29971	0.30048	0.271395	0.290002
8	64	2.9208e-01	1	4	0.292806	0.276058	0.283745	0.256194	0.268503
9	72	2.8529e-01	1	4	0.28761	0.260887	0.271702	0.252833	0.260794
10	80	2.5494e-01	1	4	0.254255	0.237921	0.236906	0.226896	0.227846
11	88	2.6755e-01	1	5	0.29274	0.247067	0.255985	0.237249	0.232182
12	96	2.3735e-01	1	5	0.2609	0.216802	0.222773	0.20475	0.19896
13	104	2.2436e-01	1	5	0.243825	0.201247	0.212545	0.197224	0.183457
14	112	2.0344e-01	1	5	0.22478	0.185503	0.189185	0.177474	0.162043
15	120	1.9772e-01	1	5	0.227935	0.175444	0.180735	0.170099	0.152947
16	128	1.8840e-01	1	5	0.232105	0.163887	0.168985	0.160437	0.14086
17	136	1.7802e-01	1	5	0.222769	0.149281	0.169742	0.146685	0.128392
18	144	1.5908e-01	1	5	0.196683	0.131424	0.151201	0.129745	0.111379
19	152	1.5053e-01	1	5	0.188707	0.123137	0.141499	0.121008	0.10539
20	160	1.3688e-01	1	5	0.166922	0.10948	0.125839	0.109934	0.0944635
21	168	1.4623e-01	1	5	0.174288	0.11702	0.133837	0.137053	0.101102
22	176	1.5191e-01	1	5	0.176536	0.124282	0.134925	0.141422	0.103511
23	184	1.3537e-01	1	5	0.153444	0.108195	0.116369	0.125292	0.0897128
24	192	1.2354e-01	1	5	0.138192	0.0985949	0.102752	0.110216	0.0794321
25	200	1.0148e-01	1	5	0.112232	0.0788929	0.0819594	0.0872503	0.0636139
26	208	8.9352e-02	1	5	0.0954359	0.0681782	0.0703701	0.0749804	0.0544808
27	216	8.6675e-02	1	5	0.0893321	0.0648807	0.0681988	0.0719039	0.0511762
28	224	8.9948e-02	1	5	0.0897253	0.0659216	0.0717207	0.0752246	0.0514793
29	232	7.7633e-02	1	5	0.0751362	0.0560139	0.0607525	0.0630153	0.0430369
30	240	7.6232e-02	1	5	0.0716329	0.0534415	0.0610226	0.0605309	0.043367
31	248	6.1628e-02	1	5	0.0560956	0.0416476	0.0477813	0.0473712	0.0342853
32	256	5.0634e-02	1	5	0.0445869	0.0333297	0.0380045	0.037595	0.0271128
33	264	4.7596e-02	1	5	0.0405028	0.0315039	0.0349636	0.0343706	0.0252569
34	272	4.6003e-02	1	5	0.0377469	0.0303006	0.0328992	0.0333719	0.0236567
35	280	4.0988e-02	1	5	0.0331552	0.0261748	0.0286713	0.0293344	0.0206486
36	288	4.2426e-02	1	5	0.0336852	0.028344	0.0292143	0.0293971	0.0209911
37	296	4.2620e-02	1	5	0.0328562	0.0282712	0.02887	0.0287012	0.0216313
38	304	3.5463e-02	1	5	0.0265152	0.0230059	0.023207	0.0232178	0.0175618
39	312	3.5009e-02	1	5	0.0258901	0.0222589	0.0231992	0.0223642	0.0167594
40	320	3.3657e-02	1	5	0.024803	0.0208013	0.0217673	0.0208246	0.0159132
41	328	3.2247e-02	1	5	0.0233035	0.0195597	0.0211818	0.0193858	0.0147565
42	336	2.8268e-02	1	5	0.0197757	0.0166635	0.0181554	0.0164842	0.0126401
43	344	2.4622e-02	1	5	0.0167305	0.0145726	0.0156276	0.0142856	0.0106575
44	352	2.3625e-02	1	5	0.0157748	0.0139822	0.0144917	0.0140371	0.00988728
45	360	2.0861e-02	1	5	0.0135805	0.0122347	0.0125283	0.0124001	0.00895323
46	368	1.8889e-02	1	5	0.0122896	0.0108707	0.010975	0.0110017	0.00818253
47	376	1.5253e-02	1	5	0.00967904	0.00851303	0.00854187	0.00864429	0.00640579
48	384	1.4914e-02	1	5	0.00942055	0.00816591	0.0083577	0.00818936	0.00626747
49	392	1.3547e-02	1	5	0.00854724	0.0071564	0.00768651	0.00726736	0.00581156
50	400	1.1540e-02	1	5	0.00704857	0.00587805	0.00635741	0.00603298	0.00482814
51	408	1.0108e-02	1	5	0.00598702	0.00502449	0.005391	0.00524356	0.00422067
52	416	1.0196e-02	1	5	0.00601358	0.00492411	0.00530869	0.00549706	0.00418055
53	424	9.6735e-03	1	5	0.005598	0.00481326	0.00490462	0.00508043	0.00385639
54	432	8.7082e-03	1	5	0.00499898	0.00423067	0.00429979	0.00447529	0.00339681
55	440	8.2695e-03	1	5	0.00461036	0.00409004	0.00399792	0.00425908	0.00320232
56	448	7.5428e-03	1	5	0.00418843	0.00363448	0.00352053	0.00386144	0.00295046
57	456	6.3162e-03	1	5	0.00338699	0.00299231	0.00284365	0.00315184	0.0024802
58	464	5.4837e-03	1	5	0.00283837	0.0025585	0.00243494	0.00268298	0.00209398
59	472	5.4073e-03	1	5	0.00275427	0.00270354	0.00238031	0.00259034	0.00204844
60	480	4.9258e-03	1	5	0.00246089	0.00242184	0.0021035	0.00232322	0.00181284
61	488	3.9259e-03	1	5	0.00189683	0.00186957	0.00162662	0.00179347	0.00140053
62	496	3.8526e-03	1	5	0.0018633	0.00176905	0.00154741	0.00171139	0.0014323
63	504	3.5221e-03	1	5	0.00164852	0.00157741	0.00138573	0.00157067	0.00128367
64	512	3.2956e-03	1	5	0.0015015	0.00144761	0.00126403	0.00147621	0.00117748
65	520	3.1616e-03	1	5	0.00138904	0.00136861	0.0012377	0.00138445	0.00109495
66	528	2.7527e-03	2	5	0.00116857	0.00119261	0.00105673	0.00118562	0.00093687
67	536	2.5393e-03	2	5	0.0010484	0.0010659	0.000963419	0.00105941	0.00083359
68	544	2.2582e-03	2	5	0.000899536	0.000934292	0.000834355	0.000931088	0.000729437
69	552	2.1214e-03	1	5	0.000870469	0.000861825	0.000759565	0.000864718	0.000703685
70	560	1.8986e-03	1	5	0.000786021	0.000745056	0.000663439	0.000749876	0.000614703
71	568	1.6703e-03	1	5	0.000668858	0.000636712	0.000573849	0.000644509	0.000527736
72	576	1.3525e-03	1	5	0.000526962	0.000510146	0.000448387	0.000506804	0.000422903
73	584	1.2560e-03	1	5	0.000472693	0.000461147	0.000408833	0.000466366	0.000384673
74	592	1.3330e-03	2	5	0.000493817	0.000498329	0.000438937	0.000495185	0.000401455
75	600	1.2748e-03	1	5	0.000467804	0.00046483	0.00041677	0.000459616	0.000374537
76	608	1.0972e-03	1	5	0.000399547	0.000388778	0.000356678	0.000383223	0.000315593
77	616	9.5565e-04	1	5	0.000344264	0.00033531	0.000304326	0.000326319	0.000270532
78	624	1.1296e-03	4	5	0.000399401	0.000383115	0.000351603	0.000422475	0.000345267
79	632	1.1786e-03	4	5	0.000403399	0.000409424	0.00036662	0.000451654	0.00035687
80	640	1.0390e-03	4	5	0.000343035	0.000354811	0.000313527	0.000394366	0.000304595
81	648	9.4595e-04	4	5	0.000309043	0.000327488	0.000280918	0.000352668	0.000275695
82	656	7.9871e-04	4	5	0.00025314	0.000274439	0.000233517	0.000288327	0.000229121
83	664	6.7622e-04	4	5	0.000218237	0.000223799	0.000192955	0.000238213	0.000189832
84	672	6.0507e-04	4	5	0.000191603	0.000197755	0.000172927	0.000209553	0.000164274
85	680	5.1498e-04	4	5	0.00016233	0.000164873	0.000144968	0.000174937	0.000135556
86	688	4.8071e-04	4	5	0.000147289	0.000156273	0.000132716	0.000158708	0.000123804
87	696	4.3625e-04	4	5	0.000131339	0.000138883	0.000117627	0.00015002	0.000113003
88	704	4.0400e-04	4	5	0.000118072	0.000129123	0.00010831	0.000139174	0.000102815
89	712	3.6139e-04	4	5	0.000104927	0.000115744	9.4936e-05	0.000121951	8.96267e-05
90	720	3.7564e-04	4	5	0.00011282	0.000121786	0.000106476	0.000123807	9.26697e-05
91	728	4.1362e-04	4	5	0.000124683	0.000134402	0.000123232	0.000134714	0.000103652
92	736	4.6290e-04	2	5	0.00014192	0.000155404	0.000139403	0.00014788	0.000112361
93	744	4.9125e-04	2	5	0.000162129	0.000162453	0.000149595	0.000151907	0.000122556
94	752	5.1733e-04	4	5	0.000166296	0.000169557	0.000155428	0.000170498	0.000130637
95	760	4.8724e-04	4	5	0.000154999	0.000154075	0.000143454	0.000157065	0.000121312
96	768	4.5069e-04	1	5	0.000151356	0.000139152	0.000127836	0.000140548	0.000111827
97	776	4.1836e-04	1	5	0.000137573	0.000124639	0.000117919	0.00012864	0.000100973
98	784	3.7542e-04	1	5	0.000120904	0.000110108	0.000103648	0.000116879	8.8296e-05
99	792	3.4547e-04	1	5	0.000109292	0.000100708	9.63184e-05	0.000105289	8.15306e-05
100	800	3.4470e-04	2	5	0.000106714	0.000108178	9.36965e-05	0.000101276	8.03172e-05
101	808	3.6696e-04	2	5	0.000111995	0.000116423	9.73412e-05	0.000105355	8.74429e-05
102	816	3.9047e-04	2	5	0.000122051	0.000125752	0.000110408	0.000116072	9.47274e-05
103	824	3.9825e-04	2	5	0.000123609	0.00013073	0.000111995	0.000119929	9.41242e-05
104	832	4.0848e-04	2	5	0.000123928	0.00014003	0.000111042	0.000123782	9.60671e-05
105	840	3.7951e-04	2	5	0.000113928	0.000129628	0.000101003	0.000114426	8.75559e-05
106	848	4.3974e-04	2	5	0.000136471	0.000154714	0.000115724	0.000130187	0.000100219
107	856	4.4665e-04	2	5	0.000135808	0.00015969	0.000116839	0.000133913	0.000100907
108	864	4.2434e-04	2	5	0.000128044	0.000153818	0.000109776	0.000124766	9.47563e-05
109	872	3.6875e-04	2	5	0.000110663	0.000129618	9.50223e-05	0.000105242	7.95307e-05
110	880	3.5119e-04	2	5	0.00010412	0.000120759	8.85613e-05	0.000100845	7.61589e-05
111	888	3.2226e-04	2	5	9.70568e-05	0.000107864	7.937e-05	9.09277e-05	6.8754e-05
112	896	3.3404e-04	2	5	0.000101023	0.000132808	7.93403e-05	9.66374e-05	7.06557e-05
113	904	3.2084e-04	2	5	9.63408e-05	0.000124047	7.58402e-05	9.41123e-05	6.55565e-05
114	912	3.5452e-04	2	5	0.000102904	0.000135029	8.35231e-05	0.000109132	7.2803e-05
115	920	3.4373e-04	2	5	9.68623e-05	0.00013264	7.99342e-05	0.000104386	6.91758e-05
116	928	3.1037e-04	2	5	8.60558e-05	0.000120094	7.16311e-05	9.55331e-05	6.26916e-05
117	936	2.8436e-04	2	5	7.93625e-05	0.000109454	6.54415e-05	8.94223e-05	5.70023e-05
118	944	2.5614e-04	2	5	7.17531e-05	9.67244e-05	5.86504e-05	7.91601e-05	4.99556e-05
119	952	2.9914e-04	2	5	8.17818e-05	0.000115258	6.76683e-05	0.000103133	5.68515e-05
120	960	3.0722e-04	2	5	8.10359e-05	0.000114372	6.83546e-05	0.000109114	5.63555e-05
121	968	2.4559e-04	2	5	6.3204e-05	8.93374e-05	5.33191e-05	8.76116e-05	4.40739e-05
122	976	2.1874e-04	4	5	5.56421e-05	7.74983e-05	4.75856e-05	7.76678e-05	3.84899e-05
123	984	2.0072e-04	2	5	4.99871e-05	7.17391e-05	4.37673e-05	7.01975e-05	3.41544e-05
124	992	1.7610e-04	2	5	4.28868e-05	6.1952e-05	3.83812e-05	6.03064e-05	2.96229e-05
125	1000	1.4538e-04	2	5	3.46526e-05	4.99833e-05	3.12002e-05	4.83686e-05	2.37357e-05
126	1008	1.4239e-04	2	5	3.41332e-05	5.08105e-05	3.00115e-05	4.88134e-05	2.24074e-05
127	1016	1.3205e-04	2	5	3.08857e-05	4.56389e-05	2.68882e-05	4.44623e-05	2.18137e-05
128	1024	1.3997e-04	2	5	3.24716e-05	4.89313e-05	3.01327e-05	4.65826e-05	2.29162e-05
129	1032	1.4344e-04	2	5	3.28824e-05	5.03261e-05	3.01517e-05	4.91468e-05	2.36207e-05
130	1040	1.4615e-04	2	5	3.49495e-05	5.03226e-05	2.97855e-05	4.91526e-05	2.44681e-05
131	1048	1.4666e-04	4	5	3.55031e-05	4.94355e-05	3.05117e-05	4.95718e-05	2.5338e-05
132	1056	1.5166e-04	2	5	3.76831e-05	5.08651e-05	3.17648e-05	5.02566e-05	2.75293e-05
133	1064	1.4743e-04	2	5	3.59921e-05	4.90183e-05	3.08553e-05	4.78357e-05	2.60005e-05
134	1072	1.4022e-04	4	5	3.40558e-05	4.61702e-05	2.87186e-05	4.66713e-05	2.46115e-05
135	1080	1.2918e-04	4	5	3.03816e-05	4.1685e-05	2.5818e-05	4.27575e-05	2.21475e-05
136	1088	1.1026e-04	4	5	2.5443e-05	3.43427e-05	2.18029e-05	3.5482e-05	1.84856e-05
137	1096	9.9347e-05	4	5	2.30122e-05	3.00239e-05	1.91017e-05	3.09543e-05	1.61711e-05
138	1104	9.9816e-05	2	5	2.24205e-05	3.16898e-05	1.89757e-05	3.1429e-05	1.60645e-05
139	1112	9.3071e-05	2	5	2.04246e-05	2.90644e-05	1.7674e-05	2.83173e-05	1.48335e-05
140	1120	9.2738e-05	4	5	1.98491e-05	2.85432e-05	1.73291e-05	2.87195e-05	1.51305e-05
141	1128	1.1041e-04	4	5	2.49924e-05	3.36955e-05	2.17447e-05	3.7146e-05	1.8806e-05
142	1136	1.1785e-04	4	5	2.65314e-05	3.56203e-05	2.27028e-05	4.11854e-05	1.96846e-05
143	1144	1.3206e-04	4	5	3.02131e-05	3.91205e-05	2.4591e-05	4.58974e-05	2.15233e-05
144	1152	1.3537e-04	4	5	3.04863e-05	3.90118e-05	2.46321e-05	4.69973e-05	2.15972e-05
145	1160	1.3294e-04	4	5	2.94737e-05	3.80173e-05	2.42787e-05	4.5291e-05	2.07398e-05
146	1168	1.2323e-04	4	5	2.74508e-05	3.65039e-05	2.22772e-05	4.25091e-05	1.87895e-05
147	1176	1.2475e-04	4	5	2.75675e-05	3.66345e-05	2.27088e-05	4.14397e-05	1.92287e-05
148	1184	1.1637e-04	4	5	2.65088e-05	3.31704e-05	2.21429e-05	3.96035e-05	1.79306e-05
149	1192	1.0273e-04	4	5	2.35831e-05	2.89025e-05	1.90834e-05	3.48306e-05	1.52464e-05
150	1200	8.9984e-05	4	5	2.02934e-05	2.44791e-05	1.67532e-05	2.97542e-05	1.30597e-05
151	1208	7.8904e-05	4	5	1.77131e-05	2.16247e-05	1.44729e-05	2.57228e-05	1.1354e-05
152	1216	8.1006e-05	4	5	1.77769e-05	2.2422e-05	1.47136e-05	2.60425e-05	1.16712e-05
153	1224	8.6460e-05	4	5	1.91733e-05	2.3213e-05	1.51916e-05	2.87051e-05	1.23657e-05
154	1232	7.9114e-05	4	5	1.73502e-05	2.07536e-05	1.3917e-05	2.6205e-05	1.09682e-05
155	1240	8.1910e-05	4	5	1.81704e-05	2.07394e-05	1.43905e-05	2.77669e-05	1.12048e-05
156	1248	7.8285e-05	4	5	1.7021e-05	1.95189e-05	1.3638e-05	2.59892e-05	1.0976e-05
157	1256	7.2994e-05	4	5	1.71024e-05	1.79556e-05	1.2492e-05	2.45101e-05	1.02428e-05
158	1264	6.8642e-05	4	5	1.59747e-05	1.72521e-05	1.1918e-05	2.27947e-05	9.32957e-06
159	1272	7.5141e-05	4	5	1.68858e-05	2.0277e-05	1.28325e-05	2.40377e-05	9.9265e-06
160	1280	8.3379e-05	4	5	1.81709e-05	2.22719e-05	1.4542e-05	2.62197e-05	1.13101e-05
161	1288	9.3221e-05	4	5	1.98181e-05	2.52897e-05	1.60546e-05	2.82688e-05	1.33604e-05
162	1296	8.7253e-05	4	5	1.81008e-05	2.34696e-05	1.45345e-05	2.60948e-05	1.22411e-05
163	1304	8.2962e-05	4	5	1.7312e-05	2.25311e-05	1.33767e-05	2.40309e-05	1.1592e-05
164	1312	8.9376e-05	4	5	1.82885e-05	2.46581e-05	1.39716e-05	2.81707e-05	1.23741e-05
165	1320	8.3719e-05	4	5	1.66615e-05	2.24048e-05	1.27421e-05	2.60992e-05	1.11968e-05
166	1328	7.4447e-05	4	5	1.43119e-05	1.93816e-05	1.1145e-05	2.2819e-05	9.73448e-06
167	1336	7.5088e-05	4	5	1.40107e-05	1.89195e-05	1.10259e-05	2.27271e-05	1.00033e-05
168	1344	7.2076e-05	4	5	1.31873e-05	1.847e-05	1.06696e-05	2.14517e-05	9.34103e-06
169	1352	6.6300e-05	4	5	1.17693e-05	1.6487e-05	9.69992e-06	1.91695e-05	8.74873e-06
170	1360	5.9341e-05	4	5	1.04701e-05	1.42624e-05	8.53766e-06	1.67091e-05	7.73047e-06
171	1368	5.2616e-05	4	5	8.99855e-06	1.24111e-05	7.37809e-06	1.50216e-05	6.672e-06
172	1376	5.6698e-05	4	5	9.95802e-06	1.30283e-05	8.29698e-06	1.7026e-05	7.08451e-06
173	1384	5.2791e-05	4	5	9.28303e-06	1.1884e-05	7.51309e-06	1.566e-05	6.38611e-06
174	1392	5.5859e-05	4	5	9.94017e-06	1.33202e-05	7.77412e-06	1.61753e-05	6.79821e-06
175	1400	5.8793e-05	4	5	1.23774e-05	1.38626e-05	8.04496e-06	1.83205e-05	7.25564e-06
176	1408	5.3507e-05	4	5	1.10697e-05	1.323e-05	7.07076e-06	1.67286e-05	6.49742e-06
177	1416	4.6223e-05	4	5	9.61199e-06	1.11605e-05	5.90727e-06	1.43654e-05	5.46556e-06
178	1424	4.1184e-05	4	5	8.28421e-06	9.94922e-06	5.06667e-06	1.23764e-05	4.93089e-06
179	1432	3.4186e-05	4	5	6.71207e-06	8.09829e-06	4.11357e-06	1.02181e-05	4.06236e-06
180	1440	3.4113e-05	4	3	6.58281e-06	7.7768e-06	4.03982e-06	9.95974e-06	4.19899e-06
181	1448	2.9986e-05	4	3	5.63801e-06	6.71269e-06	3.4554e-06	8.45362e-06	3.59889e-06
182	1456	2.5658e-05	4	3	4.75035e-06	5.68599e-06	2.88433e-06	6.99524e-06	3.03435e-06
183	1464	3.0182e-05	4	3	5.81104e-06	6.94085e-06	3.27071e-06	9.31604e-06	3.55995e-06
184	1472	3.3528e-05	4	3	6.56656e-06	7.62742e-06	3.63325e-06	1.1345e-05	3.88138e-06
185	1480	3.0318e-05	4	3	5.90298e-06	6.89904e-06	3.22851e-06	1.0256e-05	3.40724e-06
186	1488	3.0837e-05	4	3	6.21311e-06	6.94414e-06	3.16862e-06	1.01935e-05	3.56966e-06
187	1496	3.1238e-05	4	3	6.19031e-06	7.00001e-06	3.17416e-06	1.03061e-05	3.73805e-06
188	1504	2.5830e-05	4	3	5.01269e-06	5.71765e-06	2.53752e-06	8.29684e-06	3.02154e-06
189	1512	2.6009e-05	4	3	5.48634e-06	5.8046e-06	2.46296e-06	8.69421e-06	2.9877e-06
190	1520	2.6057e-05	4	3	5.43168e-06	5.70485e-06	2.44226e-06	8.65317e-06	3.14923e-06
191	1528	2.5687e-05	4	3	5.19472e-06	5.4647e-06	2.34317e-06	8.48567e-06	3.16263e-06
192	1536	2.3949e-05	4	3	4.71604e-06	4.9463e-06	2.2236e-06	7.90246e-06	2.96143e-06
193	1544	2.5562e-05	4	3	4.96413e-06	6.10623e-06	2.29758e-06	8.57512e-06	3.09446e-06
194	1552	2.5029e-05	4	3	4.69218e-06	5.97571e-06	2.1764e-06	8.19759e-06	2.94904e-06
195	1560	2.3199e-05	4	3	4.44882e-06	5.40468e-06	1.94574e-06	7.45883e-06	2.6391e-06
196	1568	2.0815e-05	4	3	4.12033e-06	4.70194e-06	1.69352e-06	6.48819e-06	2.33557e-06
197	1576	2.0025e-05	4	3	3.90033e-06	4.39112e-06	1.65813e-06	6.22898e-06	2.23361e-06
198	1584	1.9662e-05	4	3	3.88673e-06	4.29353e-06	1.64219e-06	6.05247e-06	2.16306e-06
199	1592	1.8041e-05	4	3	3.54753e-06	3.80699e-06	1.47981e-06	5.43088e-06	1.99344e-06
200	1600	1.6284e-05	4	3	3.14235e-06	3.352e-06	1.31816e-06	4.85796e-06	1.74361e-06
201	1608	1.5840e-05	4	3	3.03326e-06	3.14765e-06	1.25924e-06	4.63637e-06	1.65104e-06
202	1616	1.5320e-05	4	3	2.894e-06	2.95024e-06	1.18614e-06	4.44913e-06	1.62363e-06
203	1624	1.5964e-05	4	3	2.93232e-06	2.98121e-06	1.1981e-06	4.51582e-06	1.74149e-06
204	1632	1.5664e-05	4	3	2.82377e-06	2.88684e-06	1.16296e-06	4.35206e-06	1.76159e-06
205	1640	1.4617e-05	4	3	2.65588e-06	2.62114e-06	1.049e-06	4.01742e-06	1.59809e-06
206	1648	1.4154e-05	4	3	2.48196e-06	2.49058e-06	9.83259e-07	3.7857e-06	1.51906e-06
207	1656	1.2257e-05	4	3	2.12032e-06	2.17153e-06	8.57473e-07	3.31633e-06	1.31739e-06
208	1664	1.2754e-05	4	3	2.32639e-06	2.24951e-06	9.12343e-07	3.39423e-06	1.36532e-06
209	1672	1.3079e-05	4	3	2.32158e-06	2.39134e-06	9.36245e-07	3.38372e-06	1.3639e-06
210	1680	1.4410e-05	4	3	2.9019e-06	2.6142e-06	1.00528e-06	4.0187e-06	1.46339e-06
211	1688	1.4484e-05	4	3	2.85928e-06	2.56415e-06	1.00918e-06	3.99619e-06	1.44394e-06
212	1696	1.3447e-05	4	3	2.59242e-06	2.3221e-06	9.097e-07	3.74465e-06	1.32121e-06
213	1704	1.3246e-05	4	3	2.58535e-06	2.26597e-06	8.91013e-07	3.56838e-06	1.3066e-06
214	1712	1.2405e-05	4	3	2.36914e-06	2.10906e-06	8.2259e-07	3.35983e-06	1.20407e-06
215	1720	1.1003e-05	4	3	2.03755e-06	1.86637e-06	7.1443e-07	2.95551e-06	1.06895e-06
216	1728	1.1276e-05	4	3	2.06197e-06	1.93441e-06	7.28718e-07	3.00203e-06	1.09793e-06
217	1736	1.2175e-05	4	3	2.27146e-06	2.19475e-06	7.89715e-07	3.39144e-06	1.21993e-06
218	1744	1.1433e-05	4	3	2.09585e-06	2.19592e-06	7.6116e-07	3.17414e-06	1.17491e-06
219	1752	1.1911e-05	4	3	2.2186e-06	2.4101e-06	7.90994e-07	3.28437e-06	1.18855e-06
220	1760	1.5715e-05	4	3	2.90161e-06	3.37396e-06	1.03968e-06	4.37574e-06	1.55603e-06
221	1768	1.7307e-05	4	3	3.11068e-06	3.68761e-06	1.16411e-06	4.70235e-06	1.79301e-06
222	1776	1.9065e-05	4	3	3.42112e-06	3.94089e-06	1.37591e-06	5.4325e-06	1.91754e-06
223	1784	1.6970e-05	4	3	2.95669e-06	3.40027e-06	1.22211e-06	4.67934e-06	1.71695e-06
224	1792	1.6675e-05	4	3	2.98356e-06	3.27954e-06	1.19492e-06	4.55425e-06	1.67962e-06
225	1800	1.5587e-05	4	3	2.86879e-06	3.00848e-06	1.08881e-06	4.40474e-06	1.64365e-06
226	1808	1.4511e-05	4	3	2.6934e-06	2.71282e-06	1.00764e-06	4.0873e-06	1.55212e-06
227	1816	1.4578e-05	4	3	2.63575e-06	2.65975e-06	1.04407e-06	3.96939e-06	1.60197e-06
228	1824	1.2653e-05	4	3	2.2783e-06	2.31182e-06	9.18541e-07	3.40914e-06	1.3978e-06
229	1832	1.2384e-05	4	3	2.18319e-06	2.36868e-06	9.44333e-07	3.25879e-06	1.33369e-06
230	1840	1.3323e-05	4	3	2.28997e-06	2.59817e-06	1.11537e-06	3.43719e-06	1.51784e-06
231	1848	1.1445e-05	4	3	1.90844e-06	2.21276e-06	1.02899e-06	2.90089e-06	1.30996e-06
232	1856	1.1839e-05	4	3	1.91155e-06	2.22436e-06	1.05028e-06	3.00542e-06	1.37631e-06
233	1864	1.2961e-05	4	3	2.06463e-06	2.61469e-06	1.203e-06	3.46583e-06	1.52404e-06
234	1872	1.1991e-05	4	3	1.87789e-06	2.39627e-06	1.09266e-06	3.19648e-06	1.40568e-06
235	1880	1.0812e-05	4	3	1.66892e-06	2.09401e-06	9.56773e-07	2.84126e-06	1.24348e-06
236	1888	1.1097e-05	4	3	1.7067e-06	2.06832e-06	9.49165e-07	2.81745e-06	1.26788e-06
237	1896	1.0327e-05	4	3	1.54647e-06	1.85803e-06	8.63266e-07	2.54961e-06	1.14048e-06
238	1904	1.1849e-05	4	3	1.71968e-06	2.10665e-06	1.06131e-06	2.8476e-06	1.35975e-06
239	1912	1.2314e-05	4	3	1.77076e-06	2.20771e-06	1.0746e-06	2.88779e-06	1.36728e-06
240	1920	1.5383e-05	4	3	2.34663e-06	2.84341e-06	1.3024e-06	3.65679e-06	1.65224e-06
241	1928	1.5231e-05	4	3	2.29864e-06	2.73406e-06	1.29753e-06	3.57846e-06	1.65488e-06
242	1936	1.4542e-05	4	3	2.21165e-06	2.65842e-06	1.26906e-06	3.46539e-06	1.60314e-06
243	1944	1.5487e-05	4	3	2.32509e-06	2.78057e-06	1.37339e-06	3.69368e-06	1.67076e-06
244	1952	1.9569e-05	4	3	2.90505e-06	3.62896e-06	1.74247e-06	4.59287e-06	2.20479e-06
245	1960	2.4105e-05	4	3	3.58061e-06	4.54886e-06	2.18963e-06	5.66668e-06	2.66802e-06
246	1968	2.2694e-05	4	3	3.26859e-06	4.27078e-06	2.02856e-06	5.28987e-06	2.53421e-06
247	1976	2.2149e-05	4	3	3.2411e-06	4.23729e-06	1.90968e-06	5.01453e-06	2.44001e-06
248	1984	2.1657e-05	4	3	3.15359e-06	4.16372e-06	1.89953e-06	4.87268e-06	2.43464e-06
249	1992	1.8365e-05	4	3	2.57661e-06	3.48062e-06	1.57936e-06	4.01298e-06	2.02607e-06
250	2000	1.8766e-05	4	3	2.646e-06	3.53965e-06	1.55931e-06	4.05074e-06	2.12431e-06
251	2008	1.8529e-05	4	3	2.57577e-06	3.46096e-06	1.61156e-06	3.93009e-06	2.06934e-06
252	2016	2.1495e-05	4	3	2.99392e-06	4.0171e-06	1.97469e-06	4.55159e-06	2.38975e-06
253	2024	2.6102e-05	4	3	3.85157e-06	4.88916e-06	2.39437e-06	5.54559e-06	2.90063e-06
254	2032	2.7326e-05	4	3	4.08097e-06	5.11813e-06	2.51466e-06	5.62642e-06	3.00981e-06
255	2040	2.6777e-05	4	3	3.92671e-06	4.9719e-06	2.50878e-06	5.3196e-06	2.93781e-06
256	2048	2.6908e-05	4	3	3.96483e-06	4.89953e-06	2.45866e-06	5.43011e-06	2.87905e-06
257	2056	2.5172e-05	4	3	3.81363e-06	4.44859e-06	2.21569e-06	5.05947e-06	2.63373e-06
258	2064	2.1602e-05	4	3	3.22808e-06	3.85189e-06	1.84838e-06	4.24989e-06	2.22484e-06
259	2072	1.9665e-05	4	3	2.9694e-06	3.43249e-06	1.63086e-06	3.7994e-06	2.01171e-06
260	2080	2.2538e-05	4	3	3.36521e-06	4.06655e-06	2.09015e-06	4.24584e-06	2.30038e-06
261	2088	2.7501e-05	2	3	4.13629e-06	5.63776e-06	2.91646e-06	5.29313e-06	3.17232e-06
262	2096	2.8654e-05	2	3	4.18672e-06	5.82346e-06	3.07207e-06	5.43367e-06	3.3632e-06
263	2104	2.9980e-05	2	3	4.62627e-06	5.92358e-06	3.14595e-06	5.7616e-06	3.42187e-06
264	2112	2.4789e-05	2	3	3.70483e-06	4.83786e-06	2.60678e-06	4.63308e-06	2.80447e-06
265	2120	2.2822e-05	2	3	3.386e-06	4.32519e-06	2.32156e-06	4.26613e-06	2.53146e-06
266	2128	2.1294e-05	4	3	3.16647e-06	3.89979e-06	2.11476e-06	4.04292e-06	2.29109e-06
267	2136	2.0153e-05	4	3	2.92686e-06	3.57506e-06	1.93674e-06	3.8107e-06	2.08982e-06
268	2144	2.1015e-05	4	3	3.0206e-06	3.67007e-06	2.13093e-06	4.01557e-06	2.17158e-06
269	2152	1.8911e-05	4	3	2.68782e-06	3.20396e-06	1.87548e-06	3.53412e-06	1.90785e-06
270	2160	1.5664e-05	4	5	2.19308e-06	2.60967e-06	1.55401e-06	2.8984e-06	1.54484e-06
271	2168	1.5547e-05	4	3	2.11117e-06	2.51032e-06	1.52017e-06	2.82149e-06	1.54238e-06
272	2176	1.3206e-05	4	3	1.74866e-06	2.07418e-06	1.27696e-06	2.34742e-06	1.29355e-06
273	2184	1.1795e-05	4	3	1.52891e-06	1.82655e-06	1.10537e-06	2.07591e-06	1.11823e-06
274	2192	1.0523e-05	4	5	1.32062e-06	1.622e-06	9.74289e-07	1.82228e-06	9.66052e-07
275	2200	1.1112e-05	4	5	1.45471e-06	1.6993e-06	1.08098e-06	2.00279e-06	1.00433e-06
276	2208	1.2170e-05	4	5	1.69736e-06	1.89435e-06	1.23886e-06	2.28292e-06	1.09746e-06
277	2216	1.3219e-05	4	5	1.83123e-06	2.00314e-06	1.3114e-06	2.46983e-06	1.2576e-06
278	2224	1.4252e-05	4	5	1.9242e-06	2.14923e-06	1.44101e-06	2.59165e-06	1.32609e-06
279	2232	1.5120e-05	4	5	2.02128e-06	2.33326e-06	1.53015e-06	2.72437e-06	1.4169e-06
280	2240	1.5986e-05	4	5	2.20109e-06	2.55678e-06	1.64752e-06	2.82898e-06	1.4918e-06
281	2248	1.6720e-05	4	5	2.35787e-06	2.6234e-06	1.70987e-06	2.94618e-06	1.54906e-06
282	2256	1.7113e-05	4	5	2.38241e-06	2.59927e-06	1.69589e-06	2.91468e-06	1.53922e-06
283	2264	1.7373e-05	4	5	2.39623e-06	2.56934e-06	1.75047e-06	2.9784e-06	1.51616e-06
284	2272	2.1337e-05	4	5	3.12133e-06	3.43528e-06	2.13432e-06	3.75631e-06	1.91062e-06
285	2280	2.3966e-05	4	5	3.51053e-06	3.78436e-06	2.45354e-06	4.20026e-06	2.11502e-06
286	2288	2.9366e-05	4	5	4.40371e-06	4.4762e-06	3.01406e-06	5.09171e-06	2.54643e-06
287	2296	3.6545e-05	4	5	6.62393e-06	5.57388e-06	3.63927e-06	7.44914e-06	3.15965e-06
288	2304	3.6681e-05	4	5	6.52282e-06	5.43341e-06	3.6463e-06	7.37113e-06	3.06688e-06
289	2312	3.7718e-05	4	5	6.81652e-06	5.43668e-06	4.04172e-06	7.486e-06	3.04772e-06
290	2320	3.3878e-05	4	5	5.93799e-06	4.75528e-06	3.54752e-06	6.51169e-06	2.67731e-06
291	2328	3.6904e-05	4	5	6.45118e-06	5.3923e-06	3.79336e-06	6.96258e-06	2.9095e-06
292	2336	3.9231e-05	4	5	6.66105e-06	5.75927e-06	3.93023e-06	7.29053e-06	3.22277e-06
293	2344	3.8114e-05	4	5	6.5922e-06	5.46503e-06	3.93979e-06	7.26194e-06	3.17797e-06
294	2352	4.0160e-05	4	5	6.85681e-06	5.57872e-06	4.3844e-06	7.55553e-06	3.35215e-06
295	2360	4.3512e-05	4	5	7.39697e-06	5.97987e-06	4.63064e-06	8.01148e-06	3.75733e-06
296	2368	3.8163e-05	4	5	6.32444e-06	5.09699e-06	3.94367e-06	6.89781e-06	3.2351e-06
297	2376	3.5784e-05	4	5	5.82196e-06	4.71247e-06	3.65636e-06	6.51975e-06	3.24673e-06
298	2384	3.4528e-05	4	5	5.53843e-06	4.6876e-06	3.4357e-06	6.19819e-06	3.13526e-06
299	2392	3.4416e-05	4	5	5.4914e-06	4.63788e-06	3.50973e-06	6.18465e-06	3.06671e-06
300	2400	3.8283e-05	4	5	6.03901e-06	5.19975e-06	4.05465e-06	6.70804e-06	3.60639e-06
301	2408	4.7211e-05	4	5	7.38683e-06	6.39511e-06	5.13059e-06	8.28979e-06	4.41877e-06
302	2416	4.8529e-05	4	5	7.53141e-06	6.77827e-06	5.16122e-06	8.38638e-06	4.58344e-06
303	2424	5.2082e-05	4	5	7.91274e-06	7.54739e-06	5.37869e-06	8.67166e-06	4.76777e-06
304	2432	5.4122e-05	4	5	7.95661e-06	7.66429e-06	5.66124e-06	8.79817e-06	4.85533e-06
305	2440	5.7101e-05	4	5	8.15008e-06	8.37283e-06	6.2396e-06	9.17125e-06	5.06603e-06
306	2448	6.0630e-05	4	5	8.50686e-06	8.88646e-06	6.97607e-06	9.41625e-06	5.27876e-06
307	2456	5.0745e-05	4	5	7.03948e-06	7.41582e-06	5.9083e-06	7.74208e-06	4.26592e-06
308	2464	5.0203e-05	4	5	7.32937e-06	7.31672e-06	5.87288e-06	7.99015e-06	4.21051e-06
309	2472	5.9144e-05	4	5	9.07313e-06	8.74795e-06	6.94937e-06	9.69744e-06	4.96138e-06
310	2480	5.4510e-05	4	5	8.71431e-06	7.82722e-06	6.41715e-06	8.90156e-06	4.41731e-06
311	2488	5.1679e-05	4	5	8.28758e-06	7.58692e-06	5.89722e-06	8.56151e-06	4.07435e-06
312	2496	4.6069e-05	4	5	7.26473e-06	6.87522e-06	5.27181e-06	7.51032e-06	3.59773e-06
313	2504	4.8212e-05	4	5	7.70769e-06	6.96171e-06	5.46009e-06	8.34499e-06	3.69461e-06
314	2512	4.6840e-05	4	5	7.38255e-06	6.70124e-06	5.4897e-06	7.86014e-06	3.59658e-06
315	2520	4.1375e-05	4	5	6.82544e-06	5.936e-06	5.0299e-06	6.90654e-06	3.06783e-06
316	2528	3.7194e-05	4	5	6.03351e-06	5.19366e-06	4.54414e-06	6.12285e-06	2.6922e-06
317	2536	3.3266e-05	4	5	5.29517e-06	4.56446e-06	4.06564e-06	5.43236e-06	2.34926e-06
318	2544	2.8314e-05	4	5	4.48968e-06	3.7601e-06	3.4223e-06	4.55936e-06	1.99757e-06
319	2552	2.9145e-05	4	5	4.89328e-06	3.88053e-06	3.44534e-06	5.06479e-06	2.04175e-06
320	2560	2.9586e-05	4	5	4.9991e-06	3.89555e-06	3.45893e-06	5.15063e-06	2.06027e-06
321	2568	2.7306e-05	4	5	4.47751e-06	3.50115e-06	3.0966e-06	4.61997e-06	1.9172e-06
322	2576	2.8363e-05	4	5	4.77487e-06	3.65441e-06	3.37401e-06	4.86507e-06	1.93947e-06
323	2584	3.1493e-05	4	5	5.4697e-06	4.27181e-06	3.73549e-06	5.67999e-06	2.16866e-06
324	2592	3.5260e-05	4	5	6.24037e-06	4.73852e-06	4.11543e-06	6.27585e-06	2.45001e-06
325	2600	4.0045e-05	1	5	7.09857e-06	5.31343e-06	4.55001e-06	7.05035e-06	2.80945e-06
326	2608	4.1698e-05	1	5	7.92391e-06	5.42749e-06	4.91257e-06	7.71523e-06	3.07236e-06
327	2616	3.8542e-05	1	5	7.51045e-06	4.93566e-06	4.57435e-06	7.40149e-06	2.78589e-06
328	2624	3.6397e-05	4	5	6.97462e-06	4.64054e-06	4.16525e-06	7.08651e-06	2.54747e-06
329	2632	3.1773e-05	4	5	6.07299e-06	3.96283e-06	3.67377e-06	6.22497e-06	2.14819e-06
330	2640	2.9739e-05	4	5	5.70821e-06	3.62205e-06	3.42446e-06	5.83551e-06	2.04401e-06
331	2648	2.7824e-05	4	5	5.17201e-06	3.36661e-06	3.13868e-06	5.37505e-06	1.88641e-06
332	2656	2.7747e-05	4	5	4.97879e-06	3.28682e-06	3.05355e-06	5.21372e-06	1.86792e-06
333	2664	2.8667e-05	4	5	5.06467e-06	3.31656e-06	3.09102e-06	5.21322e-06	1.87191e-06
334	2672	2.9107e-05	1	5	5.17724e-06	3.30618e-06	3.11185e-06	5.16832e-06	1.85727e-06
335	2680	3.0444e-05	4	5	5.24644e-06	3.51698e-06	3.15373e-06	5.32004e-06	1.8787e-06
336	2688	2.8896e-05	4	5	4.8483e-06	3.27944e-06	2.89768e-06	4.90681e-06	1.72778e-06
337	2696	2.6318e-05	4	5	4.42049e-06	2.89679e-06	2.57519e-06	4.46048e-06	1.52526e-06
338	2704	2.4018e-05	4	5	3.97286e-06	2.64408e-06	2.35834e-06	4.02973e-06	1.40993e-06
339	2712	2.0349e-05	4	5	3.28987e-06	2.16296e-06	1.94225e-06	3.32557e-06	1.1577e-06
340	2720	2.2412e-05	1	5	3.5965e-06	2.3401e-06	2.10895e-06	3.59039e-06	1.32672e-06
341	2728	2.0581e-05	1	5	3.26089e-06	2.09992e-06	1.90924e-06	3.22852e-06	1.25827e-06
342	2736	1.9619e-05	1	5	3.03981e-06	1.96607e-06	1.75921e-06	3.00874e-06	1.23798e-06
343	2744	1.8957e-05	1	5	2.88281e-06	1.89428e-06	1.69944e-06	2.81299e-06	1.20847e-06
344	2752	1.6130e-05	1	5	2.38581e-06	1.59582e-06	1.4068e-06	2.32607e-06	1.03804e-06
345	2760	1.5219e-05	1	5	2.17778e-06	1.4616e-06	1.28361e-06	2.13361e-06	9.80459e-07
346	2768	1.6619e-05	1	5	2.59677e-06	1.57443e-06	1.41558e-06	2.56504e-06	1.11587e-06
347	2776	2.0316e-05	1	5	3.64363e-06	1.94099e-06	1.93781e-06	3.33746e-06	1.37494e-06
348	2784	1.7184e-05	1	5	3.03155e-06	1.61588e-06	1.60531e-06	2.77394e-06	1.12809e-06
349	2792	1.7946e-05	1	5	3.23179e-06	1.63607e-06	1.62624e-06	2.97782e-06	1.15937e-06
350	2800	2.0378e-05	1	5	3.58517e-06	1.81994e-06	1.78684e-06	3.4199e-06	1.46175e-06
351	2808	2.0324e-05	1	5	3.5407e-06	1.84607e-06	1.72746e-06	3.47746e-06	1.53927e-06
352	2816	1.9574e-05	1	5	3.56644e-06	1.75753e-06	1.67287e-06	3.44247e-06	1.47284e-06
353	2824	1.6928e-05	1	5	2.99347e-06	1.47751e-06	1.4144e-06	2.90628e-06	1.25296e-06
354	2832	1.8624e-05	1	5	3.30208e-06	1.82876e-06	1.65532e-06	3.26501e-06	1.38235e-06
355	2840	2.0195e-05	1	5	3.60805e-06	2.08145e-06	1.76925e-06	3.60218e-06	1.57931e-06
356	2848	2.4015e-05	1	5	4.59707e-06	2.46859e-06	2.12973e-06	4.3504e-06	1.89386e-06
357	2856	2.5097e-05	1	5	4.7689e-06	2.62608e-06	2.16295e-06	4.50466e-06	1.9531e-06
358	2864	2.3544e-05	1	5	4.45601e-06	2.39517e-06	1.9693e-06	4.18524e-06	1.82673e-06
359	2872	2.3352e-05	1	5	4.59079e-06	2.28544e-06	1.9787e-06	4.26819e-06	1.75156e-06
360	2880	2.2453e-05	1	5	4.40289e-06	2.18992e-06	1.8477e-06	4.14511e-06	1.63254e-06
361	2888	2.0945e-05	1	5	3.97923e-06	2.01344e-06	1.68751e-06	3.76667e-06	1.47039e-06
362	2896	1.8239e-05	1	5	3.43605e-06	1.70262e-06	1.44893e-06	3.25627e-06	1.26411e-06
363	2904	1.8212e-05	1	5	3.49001e-06	1.73601e-06	1.45869e-06	3.20394e-06	1.23466e-06
364	2912	2.0130e-05	1	5	3.8096e-06	1.89633e-06	1.5968e-06	3.4844e-06	1.41422e-06
365	2920	2.1442e-05	1	5	3.95919e-06	2.00966e-06	1.65662e-06	3.6434e-06	1.51655e-06
366	2928	1.9499e-05	1	5	3.55654e-06	1.78549e-06	1.5005e-06	3.24505e-06	1.34266e-06
367	2936	2.0612e-05	1	5	3.71569e-06	1.89616e-06	1.55993e-06	3.33287e-06	1.37542e-06
368	2944	2.0077e-05	1	5	3.91774e-06	1.8392e-06	1.52988e-06	3.46483e-06	1.35246e-06
369	2952	1.9714e-05	1	5	3.82547e-06	1.74681e-06	1.57477e-06	3.37257e-06	1.29812e-06
370	2960	2.0130e-05	1	5	4.11529e-06	1.84015e-06	1.60409e-06	3.60372e-06	1.3075e-06
371	2968	2.0727e-05	1	5	4.27892e-06	1.91857e-06	1.60815e-06	3.86435e-06	1.35878e-06
372	2976	2.0992e-05	1	5	4.21047e-06	1.9199e-06	1.62892e-06	3.8953e-06	1.34018e-06
373	2984	2.0903e-05	1	5	4.10652e-06	1.98606e-06	1.57237e-06	3.79813e-06	1.37017e-06
374	2992	2.2907e-05	1	5	4.37999e-06	2.17083e-06	1.68288e-06	4.03205e-06	1.51321e-06
375	3000	2.0332e-05	1	5	3.78326e-06	1.87119e-06	1.4583e-06	3.48815e-06	1.32399e-06
376	3008	1.9053e-05	1	5	3.48004e-06	1.70092e-06	1.3686e-06	3.18505e-06	1.23189e-06
377	3016	2.0012e-05	1	5	3.68442e-06	1.80413e-06	1.39323e-06	3.35012e-06	1.28543e-06
378	3024	1.8851e-05	1	5	3.50216e-06	1.71566e-06	1.32811e-06	3.10759e-06	1.25407e-06
379	3032	2.0499e-05	1	3	3.74666e-06	1.8458e-06	1.40126e-06	3.4623e-06	1.40533e-06
380	3040	2.7203e-05	1	3	4.94457e-06	2.57927e-06	1.81042e-06	4.69628e-06	1.89089e-06
381	3048	2.9022e-05	1	3	5.42026e-06	2.765e-06	1.88705e-06	4.9701e-06	2.07087e-06
382	3056	2.6892e-05	1	3	4.99518e-06	2.54956e-06	1.72375e-06	4.6101e-06	1.95192e-06
383	3064	2.9239e-05	1	3	5.33384e-06	2.78985e-06	1.87858e-06	4.85551e-06	2.13257e-06
384	3072	2.8910e-05	1	3	5.11774e-06	2.72786e-06	1.83126e-06	4.66981e-06	2.08953e-06
385	3080	3.2279e-05	1	3	5.5638e-06	3.03878e-06	2.20218e-06	5.07262e-06	2.33385e-06
386	3088	2.6494e-05	1	3	4.43446e-06	2.42211e-06	1.79537e-06	4.03578e-06	1.87778e-06
387	3096	2.3650e-05	1	3	4.03704e-06	2.11585e-06	1.58151e-06	3.69199e-06	1.6732e-06
388	3104	2.3308e-05	1	3	3.93014e-06	2.01032e-06	1.5589e-06	3.54255e-06	1.67812e-06
389	3112	2.2313e-05	1	3	3.64045e-06	1.87523e-06	1.50712e-06	3.27415e-06	1.58917e-06
390	3120	2.2763e-05	1	3	3.78608e-06	1.9666e-06	1.52976e-06	3.41997e-06	1.67296e-06
391	3128	2.2955e-05	1	3	3.85265e-06	2.05704e-06	1.52324e-06	3.4562e-06	1.68052e-06
392	3136	2.2060e-05	1	3	3.62022e-06	1.98781e-06	1.42943e-06	3.22974e-06	1.60579e-06
393	3144	2.1980e-05	1	3	3.52251e-06	1.94681e-06	1.39187e-06	3.1134e-06	1.58376e-06
394	3152	1.8719e-05	1	3	2.99785e-06	1.62904e-06	1.19146e-06	2.60713e-06	1.34169e-06
395	3160	1.8240e-05	1	3	2.8331e-06	1.74694e-06	1.20227e-06	2.47902e-06	1.2673e-06
396	3168	1.7716e-05	1	3	2.72038e-06	1.64383e-06	1.13981e-06	2.42266e-06	1.23261e-06
397	3176	1.9797e-05	1	3	2.97442e-06	1.81913e-06	1.23418e-06	2.6837e-06	1.34201e-06
398	3184	1.6298e-05	1	3	2.37787e-06	1.44724e-06	9.81025e-07	2.15301e-06	1.06438e-06
399	3192	1.5454e-05	1	3	2.21075e-06	1.34824e-06	9.25517e-07	2.0262e-06	1.01629e-06
400	3200	1.5623e-05	1	3	2.16673e-06	1.41182e-06	9.59165e-07	1.98354e-06	1.01254e-06
401	3208	1.6501e-05	1	3	2.22028e-06	1.55977e-06	9.94477e-07	2.02278e-06	1.06307e-06
402	3216	1.5484e-05	1	3	2.01322e-06	1.44667e-06	8.99961e-07	1.82914e-06	9.81649e-07
403	3224	1.5598e-05	1	3	2.03573e-06	1.48169e-06	8.75402e-07	1.8339e-06	1.02383e-06
404	3232	1.7179e-05	1	3	2.27155e-06	1.687e-06	9.45547e-07	2.03155e-06	1.24995e-06
405	3240	1.5925e-05	1	3	2.07683e-06	1.55772e-06	8.53897e-07	1.91537e-06	1.13809e-06
406	3248	1.5788e-05	1	3	2.05683e-06	1.58498e-06	8.4852e-07	1.9309e-06	1.10411e-06
407	3256	1.2862e-05	1	3	1.67807e-06	1.28477e-06	6.96666e-07	1.5632e-06	8.91067e-07
408	3264	1.2848e-05	1	3	1.78751e-06	1.24546e-06	7.17944e-07	1.56414e-06	8.86487e-07
409	3272	1.1505e-05	1	3	1.57061e-06	1.0823e-06	6.28606e-07	1.38819e-06	7.68943e-07
410	3280	1.1942e-05	1	3	1.57316e-06	1.08839e-06	6.90376e-07	1.39104e-06	7.90359e-07
411	3288	1.2535e-05	1	3	1.63721e-06	1.16384e-06	7.34424e-07	1.44013e-06	8.6823e-07
412	3296	1.1139e-05	1	3	1.41923e-06	1.00605e-06	6.37206e-07	1.2395e-06	7.51428e-07
413	3304	1.2261e-05	1	3	1.54979e-06	1.08147e-06	7.28199e-07	1.32547e-06	8.60967e-07
414	3312	1.3482e-05	1	3	1.66461e-06	1.29357e-06	7.84033e-07	1.45197e-06	9.46969e-07
415	3320	1.5119e-05	1	3	1.81068e-06	1.53121e-06	8.52924e-07	1.58115e-06	1.04241e-06
416	3328	1.4347e-05	1	3	1.69662e-06	1.44403e-06	7.95807e-07	1.54759e-06	9.67621e-07
417	3336	1.5356e-05	1	3	1.80917e-06	1.66546e-06	8.28861e-07	1.65754e-06	1.05146e-06
418	3344	1.4285e-05	1	3	1.65452e-06	1.53861e-06	7.7397e-07	1.52636e-06	9.6495e-07
419	3352	1.3503e-05	1	3	1.5532e-06	1.41811e-06	7.2023e-07	1.43109e-06	9.1903e-07
420	3360	1.6018e-05	1	3	1.95585e-06	1.80315e-06	8.36346e-07	1.90824e-06	1.23268e-06
421	3368	1.6551e-05	1	3	2.0229e-06	1.82003e-06	8.81488e-07	1.96406e-06	1.25099e-06
422	3376	1.6542e-05	1	3	2.07301e-06	1.80869e-06	8.91353e-07	2.00331e-06	1.25469e-06
423	3384	1.6012e-05	1	3	1.9955e-06	1.75645e-06	8.56399e-07	1.97079e-06	1.18876e-06
424	3392	1.8131e-05	4	3	2.23846e-06	2.08969e-06	9.61795e-07	2.45165e-06	1.36426e-06
425	3400	1.8865e-05	4	3	2.28015e-06	2.13341e-06	9.70172e-07	2.50407e-06	1.37958e-06
426	3408	1.8464e-05	4	3	2.18317e-06	2.0646e-06	9.39547e-07	2.42598e-06	1.35276e-06
427	3416	1.8309e-05	4	3	2.26616e-06	2.11144e-06	8.99314e-07	2.53792e-06	1.38083e-06
428	3424	1.7766e-05	4	3	2.1592e-06	2.02627e-06	8.52076e-07	2.38795e-06	1.29848e-06
429	3432	1.5925e-05	4	3	1.88909e-06	1.78438e-06	7.40971e-07	2.10405e-06	1.13624e-06
430	3440	1.5772e-05	4	3	1.91048e-06	1.76791e-06	7.1457e-07	2.06608e-06	1.1195e-06
431	3448	1.7489e-05	4	3	2.05841e-06	1.93194e-06	7.69651e-07	2.25014e-06	1.21416e-06
432	3456	1.8743e-05	4	3	2.2774e-06	2.1084e-06	7.95073e-07	2.61138e-06	1.28235e-06
433	3464	1.8812e-05	4	3	2.27778e-06	2.11751e-06	7.99563e-07	2.69173e-06	1.28432e-06
434	3472	1.6861e-05	4	3	1.99594e-06	1.86901e-06	7.05561e-07	2.40146e-06	1.12109e-06
435	3480	1.7356e-05	4	3	2.0107e-06	1.89904e-06	7.00925e-07	2.40424e-06	1.14849e-06
436	3488	1.8448e-05	4	3	2.14974e-06	2.09195e-06	7.20665e-07	2.76056e-06	1.26024e-06
437	3496	2.0616e-05	4	3	2.35562e-06	2.29699e-06	7.81121e-07	3.1463e-06	1.43362e-06
438	3504	2.1205e-05	4	3	2.40378e-06	2.30462e-06	8.05893e-07	3.14442e-06	1.44482e-06
439	3512	1.8988e-05	4	3	2.12619e-06	2.05337e-06	7.12001e-07	2.83924e-06	1.30245e-06
440	3520	2.1585e-05	4	3	2.41799e-06	2.47397e-06	7.9245e-07	3.34765e-06	1.62381e-06
441	3528	2.2226e-05	4	3	2.67736e-06	2.4961e-06	8.25294e-07	3.47879e-06	1.69155e-06
442	3536	2.0533e-05	4	3	2.42078e-06	2.41685e-06	7.38851e-07	3.23707e-06	1.58996e-06
443	3544	2.1532e-05	4	3	2.6791e-06	2.49499e-06	8.29871e-07	3.343e-06	1.69793e-06
444	3552	1.9215e-05	4	3	2.34958e-06	2.14861e-06	7.54398e-07	2.88893e-06	1.47468e-06
445	3560	1.8350e-05	4	3	2.28119e-06	2.0309e-06	7.01717e-07	2.76859e-06	1.40928e-06
446	3568	1.7265e-05	4	3	2.16921e-06	1.86951e-06	6.64248e-07	2.53328e-06	1.30836e-06
447	3576	1.7883e-05	4	3	2.23105e-06	1.92292e-06	6.9534e-07	2.5817e-06	1.36285e-06
448	3584	1.8013e-05	4	3	2.18631e-06	1.88897e-06	6.92649e-07	2.53577e-06	1.33404e-06
449	3592	1.6219e-05	4	3	1.90614e-06	1.66996e-06	6.00132e-07	2.24011e-06	1.17172e-06
450	3600	1.8267e-05	4	3	2.32348e-06	2.04027e-06	7.35104e-07	2.7167e-06	1.49043e-06
451	3608	1.9322e-05	4	3	2.40877e-06	2.13397e-06	7.67663e-07	2.88941e-06	1.57775e-06
452	3616	2.4514e-05	4	3	3.03554e-06	2.76921e-06	9.76592e-07	3.698e-06	2.04126e-06
453	3624	3.0093e-05	4	3	3.65531e-06	3.30155e-06	1.28841e-06	4.42152e-06	2.49303e-06
454	3632	3.2586e-05	4	3	3.86343e-06	3.46552e-06	1.40681e-06	4.66611e-06	2.68202e-06
455	3640	3.3771e-05	4	3	3.92018e-06	3.63435e-06	1.45574e-06	4.91986e-06	2.87556e-06
456	3648	3.3756e-05	4	3	4.03937e-06	3.51405e-06	1.44081e-06	4.86359e-06	2.85284e-06
457	3656	3.9903e-05	4	3	5.01018e-06	4.04764e-06	1.83842e-06	5.80173e-06	3.50524e-06
458	3664	3.4732e-05	4	3	4.26392e-06	3.50767e-06	1.59391e-06	4.95816e-06	2.99709e-06
459	3672	3.5525e-05	4	3	4.2017e-06	3.556e-06	1.61205e-06	4.89349e-06	2.97386e-06
460	3680	3.5587e-05	4	3	4.19707e-06	3.65749e-06	1.57693e-06	4.94454e-06	2.98785e-06
461	3688	3.5985e-05	4	3	4.23242e-06	3.58912e-06	1.64184e-06	4.87059e-06	3.02634e-06
462	3696	3.9014e-05	4	3	5.12496e-06	3.97797e-06	1.9074e-06	5.56447e-06	3.45219e-06
463	3704	3.7119e-05	4	3	4.75201e-06	3.69574e-06	1.77179e-06	5.20857e-06	3.19913e-06
464	3712	3.4071e-05	4	3	4.23574e-06	3.32417e-06	1.57449e-06	4.664e-06	2.85152e-06
465	3720	3.0594e-05	4	3	3.7383e-06	2.96985e-06	1.40531e-06	4.07962e-06	2.5921e-06
466	3728	3.0796e-05	4	3	4.05884e-06	3.1471e-06	1.43329e-06	4.50777e-06	2.7641e-06
467	3736	3.1284e-05	4	3	4.01882e-06	3.16226e-06	1.43969e-06	4.46367e-06	2.74889e-06
468	3744	3.1878e-05	4	3	4.02059e-06	3.18317e-06	1.46026e-06	4.6096e-06	2.80954e-06
469	3752	3.2226e-05	4	3	4.08815e-06	3.1315e-06	1.44509e-06	4.73317e-06	2.78679e-06
470	3760	3.2863e-05	4	3	4.25532e-06	3.11265e-06	1.44692e-06	4.85168e-06	2.78974e-06
471	3768	3.1203e-05	4	3	3.97656e-06	2.87987e-06	1.37677e-06	4.48388e-06	2.58456e-06
472	3776	3.2233e-05	4	3	4.07925e-06	2.92679e-06	1.38603e-06	4.50567e-06	2.58777e-06
473	3784	3.2924e-05	4	3	4.04824e-06	2.94962e-06	1.38505e-06	4.53685e-06	2.60336e-06
474	3792	3.3337e-05	4	3	3.96291e-06	2.9254e-06	1.42246e-06	4.42679e-06	2.54624e-06
475	3800	3.2140e-05	4	3	3.74862e-06	2.82149e-06	1.37578e-06	4.18064e-06	2.46383e-06
476	3808	3.1486e-05	4	3	3.63359e-06	2.6818e-06	1.32444e-06	4.03222e-06	2.364e-06
477	3816	2.6915e-05	4	3	3.00357e-06	2.21324e-06	1.13451e-06	3.35327e-06	1.95338e-06
478	3824	2.8119e-05	4	3	3.11088e-06	2.23722e-06	1.1965e-06	3.53794e-06	2.00653e-06
479	3832	3.1511e-05	4	3	3.47006e-06	2.51675e-06	1.30688e-06	3.95374e-06	2.23186e-06
480	3840	3.1689e-05	4	3	3.42562e-06	2.513e-06	1.29985e-06	3.93505e-06	2.20589e-06
481	3848	3.6073e-05	4	3	3.80623e-06	2.96893e-06	1.48661e-06	4.59037e-06	2.45515e-06
482	3856	3.5256e-05	4	3	3.64993e-06	2.82354e-06	1.4324e-06	4.35487e-06	2.3168e-06
483	3864	3.7762e-05	4	3	4.10699e-06	3.15373e-06	1.52172e-06	5.35566e-06	2.6692e-06
484	3872	3.8489e-05	4	3	4.31996e-06	3.4227e-06	1.55217e-06	5.71353e-06	2.90381e-06
485	3880	3.8489e-05	4	3	4.2936e-06	3.53433e-06	1.50719e-06	5.64837e-06	2.9085e-06
486	3888	4.0419e-05	4	3	4.53832e-06	3.76828e-06	1.5489e-06	6.05488e-06	3.08024e-06
487	3896	3.9525e-05	4	3	4.57774e-06	3.64732e-06	1.54064e-06	5.91014e-06	3.06663e-06
488	3904	3.7699e-05	4	3	4.33368e-06	3.40436e-06	1.4359e-06	5.65675e-06	2.88156e-06
489	3912	3.9614e-05	4	3	4.58259e-06	3.65811e-06	1.6221e-06	5.96361e-06	3.08699e-06
490	3920	4.2695e-05	4	3	4.96579e-06	3.84375e-06	1.84707e-06	6.28588e-06	3.4422e-06
491	3928	4.8708e-05	4	3	5.64985e-06	4.34912e-06	2.26312e-06	7.00199e-06	3.96753e-06
492	3936	4.7744e-05	4	3	5.37935e-06	4.17161e-06	2.19991e-06	6.66357e-06	3.80869e-06
493	3944	5.2564e-05	4	3	5.92778e-06	4.4861e-06	2.45406e-06	7.12643e-06	4.17204e-06
494	3952	5.0555e-05	4	3	5.54566e-06	4.20014e-06	2.30088e-06	6.6116e-06	3.88397e-06
495	3960	5.8120e-05	4	3	6.55837e-06	4.69377e-06	2.62022e-06	7.74952e-06	4.66313e-06
496	3968	6.2600e-05	4	3	6.9292e-06	4.96907e-06	2.75301e-06	8.10134e-06	4.88617e-06
497	3976	7.8111e-05	4	3	8.3515e-06	6.25571e-06	3.35718e-06	9.88927e-06	5.91666e-06
498	3984	9.0715e-05	4	3	9.64145e-06	7.59586e-06	3.84368e-06	1.12e-05	6.84436e-06
499	3992	9.5619e-05	4	3	9.98367e-06	8.05248e-06	3.97735e-06	1.17604e-05	7.02502e-06
500	4000	1.0238e-04	4	3	1.04974e-05	8.66264e-06	4.12303e-06	1.26041e-05	7.67648e-06
501	4008	1.0886e-04	4	3	1.15595e-05	9.16191e-06	4.43239e-06	1.39103e-05	8.51666e-06
502	4016	1.0460e-04	4	3	1.09248e-05	8.56379e-06	4.13223e-06	1.31589e-05	7.91651e-06
503	4024	9.0686e-05	4	3	9.34998e-06	7.33236e-06	3.55175e-06	1.14571e-05	6.83144e-06
504	4032	9.0114e-05	4	3	9.93012e-06	7.4044e-06	3.5109e-06	1.2023e-05	7.09089e-06
505	4040	9.0468e-05	4	3	9.78775e-06	7.29765e-06	3.49391e-06	1.19089e-05	7.10138e-06
506	4048	9.1843e-05	4	3	9.65147e-06	7.18025e-06	3.5817e-06	1.16845e-05	7.06968e-06
507	4056	8.5109e-05	4	3	8.86835e-06	6.45398e-06	3.44033e-06	1.04824e-05	6.56113e-06
508	4064	1.0419e-04	4	3	1.0982e-05	8.01787e-06	4.06767e-06	1.27288e-05	7.8213e-06
509	4072	1.1810e-04	4	3	1.33398e-05	9.56619e-06	5.04179e-06	1.47971e-05	9.35687e-06
510	4080	1.1175e-04	4	3	1.25036e-05	9.01962e-06	4.74043e-06	1.37999e-05	8.6654e-06
511	4088	1.2032e-04	4	3	1.37429e-05	1.02804e-05	5.25437e-06	1.46914e-05	9.34194e-06
512	4096	1.1172e-04	4	3	1.24876e-05	9.56099e-06	4.756e-06	1.34744e-05	8.47695e-06
513	4104	1.0320e-04	4	3	1.12383e-05	8.67029e-06	4.36638e-06	1.20621e-05	7.5789e-06
514	4112	1.1281e-04	4	3	1.34232e-05	1.1307e-05	5.09494e-06	1.41878e-05	9.02363e-06
515	4120	1.0853e-04	4	3	1.33694e-05	1.14046e-05	5.40896e-06	1.3589e-05	8.99513e-06
516	4128	1.1477e-04	4	3	1.36936e-05	1.17787e-05	5.68415e-06	1.42391e-05	9.20158e-06
517	4136	1.1192e-04	4	3	1.31314e-05	1.13535e-05	5.55528e-06	1.36616e-05	8.9488e-06
518	4144	1.1645e-04	4	3	1.35728e-05	1.1877e-05	5.998e-06	1.40305e-05	9.19069e-06
519	4152	1.4400e-04	4	3	1.63062e-05	1.49432e-05	7.3939e-06	1.67557e-05	1.11865e-05
520	4160	1.4554e-04	4	3	1.63411e-05	1.54185e-05	7.3188e-06	1.73635e-05	1.128e-05
521	4168	1.5889e-04	4	3	1.77593e-05	1.66322e-05	8.08247e-06	1.84359e-05	1.22604e-05
522	4176	1.4528e-04	4	3	1.56756e-05	1.48609e-05	7.33433e-06	1.63599e-05	1.08688e-05
523	4184	1.6401e-04	4	3	1.70819e-05	1.65899e-05	8.3216e-06	1.80273e-05	1.18703e-05
524	4192	1.5104e-04	4	3	1.52805e-05	1.51454e-05	7.55132e-06	1.60938e-05	1.07367e-05
525	4200	1.5057e-04	4	3	1.65078e-05	1.57477e-05	8.29648e-06	1.65172e-05	1.16544e-05
526	4208	1.3963e-04	4	3	1.50055e-05	1.41999e-05	7.48317e-06	1.53837e-05	1.06247e-05
527	4216	1.3371e-04	1	3	1.47525e-05	1.38519e-05	7.45826e-06	1.46635e-05	1.05003e-05
528	4224	1.3612e-04	1	3	1.47402e-05	1.40884e-05	7.68567e-06	1.47021e-05	1.05347e-05
529	4232	1.3552e-04	4	3	1.4326e-05	1.3728e-05	7.60145e-06	1.45166e-05	1.0248e-05
530	4240	1.2717e-04	4	3	1.33053e-05	1.28013e-05	7.03801e-06	1.33724e-05	9.58166e-06
531	4248	1.0935e-04	4	3	1.14282e-05	1.09225e-05	5.9771e-06	1.14537e-05	8.28235e-06
532	4256	1.1484e-04	4	3	1.23805e-05	1.1929e-05	6.5439e-06	1.24365e-05	9.35889e-06
533	4264	1.2548e-04	4	3	1.35224e-05	1.26881e-05	7.02441e-06	1.37853e-05	1.0158e-05
534	4272	1.1778e-04	4	3	1.24774e-05	1.17055e-05	6.55731e-06	1.25994e-05	9.38646e-06
535	4280	1.2207e-04	4	3	1.25573e-05	1.17804e-05	6.76339e-06	1.30498e-05	9.39235e-06
536	4288	1.1861e-04	4	3	1.22469e-05	1.13913e-05	6.50877e-06	1.27061e-05	9.11378e-06
537	4296	1.3457e-04	4	3	1.35121e-05	1.26053e-05	7.33443e-06	1.41241e-05	1.00287e-05
538	4304	1.3095e-04	4	3	1.27051e-05	1.21221e-05	6.92394e-06	1.34497e-05	9.46294e-06
539	4312	1.4249e-04	4	3	1.38263e-05	1.28627e-05	7.64483e-06	1.41135e-05	1.01399e-05
540	4320	1.7435e-04	1	3	1.8007e-05	1.5813e-05	9.74075e-06	1.69274e-05	1.28955e-05
541	4328	1.8950e-04	1	3	2.00895e-05	1.71825e-05	1.09268e-05	1.84967e-05	1.42712e-05
542	4336	2.5265e-04	1	3	2.84638e-05	2.58666e-05	1.50102e-05	2.65516e-05	2.05591e-05
543	4344	2.4854e-04	1	3	2.71659e-05	2.4819e-05	1.4481e-05	2.56337e-05	1.9712e-05
544	4352	2.3928e-04	4	3	2.5314e-05	2.33689e-05	1.3915e-05	2.53367e-05	1.82768e-05
545	4360	2.2243e-04	1	3	2.32214e-05	2.09881e-05	1.25074e-05	2.31172e-05	1.65625e-05
546	4368	2.5959e-04	1	3	2.86387e-05	2.81695e-05	1.60548e-05	2.68635e-05	2.08941e-05
547	4376	2.6351e-04	2	3	2.88183e-05	2.92759e-05	1.65446e-05	2.69365e-05	2.13174e-05
548	4384	2.4447e-04	2	3	2.62836e-05	2.6423e-05	1.53072e-05	2.42065e-05	1.9372e-05
549	4392	2.4602e-04	1	3	2.70309e-05	2.70277e-05	1.59257e-05	2.4056e-05	1.98282e-05
550	4400	2.3307e-04	2	3	2.51327e-05	2.57346e-05	1.47731e-05	2.29456e-05	1.85868e-05
551	4408	2.0926e-04	2	3	2.22496e-05	2.30577e-05	1.28093e-05	2.15201e-05	1.64622e-05
552	4416	1.9760e-04	2	3	2.07205e-05	2.21787e-05	1.2065e-05	1.98175e-05	1.53794e-05
553	4424	2.0813e-04	2	3	2.11632e-05	2.26682e-05	1.23724e-05	2.16475e-05	1.5724e-05
554	4432	1.8439e-04	2	3	1.81192e-05	1.93712e-05	1.05978e-05	1.8607e-05	1.3434e-05
555	4440	1.7034e-04	2	3	1.66787e-05	1.76157e-05	1.01527e-05	1.66566e-05	1.2273e-05
556	4448	1.6939e-04	2	3	1.68266e-05	1.7815e-05	1.03113e-05	1.6148e-05	1.2474e-05
557	4456	1.9635e-04	2	3	1.89784e-05	2.01449e-05	1.28563e-05	1.99677e-05	1.41355e-05
558	4464	2.2652e-04	2	3	2.16747e-05	2.37687e-05	1.54179e-05	2.2457e-05	1.62842e-05
559	4472	2.6024e-04	2	3	2.42769e-05	2.64682e-05	1.7235e-05	2.51455e-05	1.82737e-05
560	4480	2.5756e-04	2	3	2.38592e-05	2.55559e-05	1.68033e-05	2.43775e-05	1.76778e-05
561	4488	2.4452e-04	2	3	2.27376e-05	2.39296e-05	1.60225e-05	2.25327e-05	1.65743e-05
562	4496	2.4065e-04	4	3	2.22299e-05	2.33836e-05	1.55601e-05	2.34887e-05	1.61424e-05
563	4504	2.4437e-04	2	3	2.23509e-05	2.38055e-05	1.56422e-05	2.33317e-05	1.62436e-05
564	4512	2.6551e-04	4	5	2.38426e-05	2.62134e-05	1.8028e-05	2.73007e-05	1.75629e-05
565	4520	2.4771e-04	4	5	2.20581e-05	2.44647e-05	1.70691e-05	2.472e-05	1.63559e-05
566	4528	2.7760e-04	4	5	2.41804e-05	2.72474e-05	1.8831e-05	2.78493e-05	1.76795e-05
567	4536	3.0359e-04	4	5	2.66611e-05	2.9302e-05	2.01644e-05	3.07787e-05	1.90332e-05
568	4544	3.2148e-04	4	5	2.84481e-05	3.02207e-05	2.11727e-05	3.20705e-05	2.01974e-05
569	4552	3.0367e-04	4	5	2.60714e-05	2.76879e-05	2.00766e-05	3.13257e-05	1.84086e-05
570	4560	3.1942e-04	4	5	2.66418e-05	2.86388e-05	2.09361e-05	3.5373e-05	1.86955e-05
571	4568	3.0101e-04	4	5	2.44577e-05	2.64124e-05	1.95706e-05	3.26894e-05	1.72676e-05
572	4576	2.8159e-04	4	5	2.25326e-05	2.45243e-05	1.7911e-05	2.97466e-05	1.59781e-05
573	4584	2.2789e-04	4	5	1.80965e-05	1.91459e-05	1.44552e-05	2.50132e-05	1.27687e-05
574	4592	2.0160e-04	4	5	1.56832e-05	1.66393e-05	1.28406e-05	2.18427e-05	1.10993e-05
575	4600	1.9199e-04	4	5	1.52122e-05	1.6028e-05	1.28773e-05	2.12121e-05	1.09594e-05
576	4608	1.8001e-04	4	5	1.40197e-05	1.48046e-05	1.22992e-05	2.21013e-05	9.91726e-06
577	4616	1.7337e-04	4	5	1.32572e-05	1.37597e-05	1.20238e-05	2.12375e-05	9.41228e-06
578	4624	1.6177e-04	4	5	1.19156e-05	1.24011e-05	1.08751e-05	1.9238e-05	8.46127e-06
579	4632	1.5264e-04	4	5	1.09528e-05	1.13247e-05	1.00806e-05	1.7678e-05	7.72066e-06
580	4640	1.3306e-04	4	5	9.30804e-06	9.57346e-06	8.58243e-06	1.50244e-05	6.57667e-06
581	4648	1.3664e-04	4	5	9.45385e-06	9.68611e-06	8.99513e-06	1.60829e-05	6.74562e-06
582	4656	1.4939e-04	4	5	9.96901e-06	1.02032e-05	9.79909e-06	1.80761e-05	7.09934e-06
583	4664	1.6617e-04	4	5	1.10477e-05	1.10121e-05	1.10042e-05	1.9992e-05	7.74904e-06
584	4672	1.6682e-04	4	5	1.10545e-05	1.07805e-05	1.12406e-05	2.08784e-05	7.69321e-06
585	4680	1.5080e-04	4	5	9.82339e-06	9.67331e-06	1.00579e-05	1.84331e-05	6.80927e-06
586	4688	1.3595e-04	4	5	8.55406e-06	8.54748e-06	9.05623e-06	1.6498e-05	5.94845e-06
587	4696	1.2401e-04	4	5	7.60732e-06	7.57525e-06	8.08739e-06	1.46963e-05	5.31129e-06
588	4704	1.3821e-04	4	5	8.37836e-06	8.31412e-06	8.86514e-06	1.6044e-05	5.80766e-06
589	4712	1.2440e-04	4	5	7.34362e-06	7.36823e-06	7.6885e-06	1.40407e-05	5.14682e-06
590	4720	1.1781e-04	4	5	6.94584e-06	6.84077e-06	7.32914e-06	1.35742e-05	4.91191e-06
591	4728	1.0720e-04	4	5	6.21064e-06	6.07641e-06	6.4735e-06	1.2015e-05	4.36019e-06
592	4736	1.0368e-04	4	5	5.98059e-06	5.67991e-06	6.47277e-06	1.15727e-05	4.22837e-06
593	4744	1.1774e-04	4	5	6.66214e-06	6.53153e-06	7.17448e-06	1.32325e-05	4.72735e-06
594	4752	1.0932e-04	4	5	6.17465e-06	6.01839e-06	6.68372e-06	1.20568e-05	4.37663e-06
595	4760	1.0127e-04	4	5	5.58791e-06	5.43792e-06	6.09552e-06	1.07854e-05	3.98665e-06
596	4768	8.7974e-05	4	5	4.78405e-06	4.56954e-06	5.32782e-06	9.24226e-06	3.41682e-06
597	4776	8.7093e-05	4	5	4.78339e-06	4.43134e-06	5.59042e-06	9.34608e-06	3.53228e-06
598	4784	9.0214e-05	4	5	4.82792e-06	4.55044e-06	5.61109e-06	9.44511e-06	3.54697e-06
599	4792	9.2613e-05	4	5	4.91996e-06	4.7369e-06	5.68867e-06	9.44317e-06	3.61829e-06
600	4800	7.9936e-05	4	5	4.17603e-06	3.97935e-06	4.76449e-06	7.89215e-06	3.04257e-06
601	4808	8.5736e-05	4	5	4.6422e-06	4.66036e-06	5.05223e-06	8.33801e-06	3.47896e-06
602	4816	9.8829e-05	4	5	5.67991e-06	5.54548e-06	5.66406e-06	1.00127e-05	4.19916e-06
603	4824	1.0072e-04	4	5	5.93883e-06	5.64011e-06	5.61034e-06	1.00811e-05	4.35817e-06
604	4832	1.0293e-04	4	5	6.24863e-06	5.63079e-06	5.96494e-06	1.04809e-05	4.51991e-06
605	4840	1.0399e-04	4	5	6.09946e-06	5.49546e-06	5.83768e-06	1.03803e-05	4.41562e-06
606	4848	1.1427e-04	4	5	6.4796e-06	5.82583e-06	6.24388e-06	1.14668e-05	4.71252e-06
607	4856	1.5012e-04	4	5	8.44037e-06	7.50708e-06	8.12712e-06	1.48407e-05	6.14824e-06
608	4864	1.7749e-04	4	5	9.7363e-06	8.6361e-06	9.51518e-06	1.75437e-05	7.03321e-06
609	4872	2.2331e-04	4	5	1.22853e-05	1.09141e-05	1.19087e-05	2.2137e-05	8.94327e-06
610	4880	2.1011e-04	4	5	1.14373e-05	9.91785e-06	1.11108e-05	2.01796e-05	8.29829e-06
611	4888	1.8944e-04	4	5	1.04655e-05	8.7366e-06	1.00816e-05	1.82306e-05	7.54252e-06
612	4896	1.6030e-04	4	5	8.52137e-06	7.21102e-06	8.33552e-06	1.49761e-05	6.19906e-06
613	4904	1.5396e-04	4	5	8.06651e-06	6.77078e-06	7.86349e-06	1.40616e-05	5.80696e-06
614	4912	1.5701e-04	4	5	8.51469e-06	6.70123e-06	8.13218e-06	1.38647e-05	6.16677e-06
615	4920	1.6577e-04	4	5	8.93478e-06	6.83732e-06	8.72244e-06	1.44724e-05	6.54946e-06
616	4928	1.5743e-04	4	5	8.28696e-06	6.35323e-06	8.05457e-06	1.361e-05	6.03733e-06
617	4936	1.5641e-04	4	5	8.17246e-06	6.25067e-06	7.81617e-06	1.30308e-05	5.91962e-06
618	4944	1.5397e-04	4	5	7.81434e-06	6.05516e-06	7.68254e-06	1.33935e-05	5.69159e-06
619	4952	1.4304e-04	4	5	7.31068e-06	5.43651e-06	7.08949e-06	1.24225e-05	5.2419e-06
620	4960	1.4811e-04	4	5	7.5463e-06	5.50184e-06	7.19797e-06	1.34144e-05	5.31023e-06
621	4968	1.4081e-04	4	5	7.16629e-06	5.1208e-06	6.97323e-06	1.29716e-05	4.97063e-06
622	4976	1.2732e-04	4	5	6.37654e-06	4.72795e-06	6.1324e-06	1.13522e-05	4.44033e-06
623	4984	1.1047e-04	4	5	5.57405e-06	4.21215e-06	5.45883e-06	9.96291e-06	3.94245e-06
624	4992	1.1494e-04	4	5	6.08383e-06	4.31746e-06	5.62475e-06	1.0115e-05	4.19359e-06
625	5000	1.2323e-04	4	2	6.59679e-06	4.61737e-06	6.64467e-06	1.12636e-05	4.64071e-06
626	5008	1.1612e-04	4	2	6.07531e-06	4.27086e-06	6.25465e-06	1.10591e-05	4.28399e-06
627	5016	1.1374e-04	4	2	5.94694e-06	4.10115e-06	6.24631e-06	1.09103e-05	4.15707e-06
628	5024	1.0231e-04	4	5	5.30349e-06	3.74116e-06	5.62907e-06	9.58681e-06	3.73384e-06
629	5032	1.1117e-04	4	5	5.74438e-06	3.99613e-06	6.17845e-06	1.04255e-05	3.96076e-06
630	5040	1.0079e-04	4	2	5.35356e-06	3.55763e-06	5.6787e-06	9.32234e-06	3.64198e-06
631	5048	1.0005e-04	4	2	5.2075e-06	3.41146e-06	5.44904e-06	8.982e-06	3.53759e-06
632	5056	9.4665e-05	4	2	4.91188e-06	3.11832e-06	4.98339e-06	8.26245e-06	3.29551e-06
633	5064	8.4465e-05	4	2	4.37419e-06	2.6954e-06	4.34306e-06	7.18236e-06	2.91374e-06
634	5072	7.9742e-05	4	2	4.08484e-06	2.45483e-06	4.09022e-06	6.66886e-06	2.70474e-06
635	5080	6.9180e-05	4	2	3.64571e-06	2.1101e-06	3.65791e-06	5.6627e-06	2.4795e-06
636	5088	6.9228e-05	4	2	3.65865e-06	2.03723e-06	3.77465e-06	5.67375e-06	2.50449e-06
637	5096	7.8156e-05	4	2	4.24318e-06	2.25456e-06	4.79578e-06	7.1165e-06	2.92156e-06
638	5104	8.6828e-05	4	2	4.7519e-06	2.52723e-06	5.4025e-06	7.83364e-06	3.23202e-06
639	5112	1.0212e-04	4	2	5.70632e-06	2.92646e-06	6.41909e-06	9.36165e-06	3.76217e-06
640	5120	1.1019e-04	4	2	5.97512e-06	3.16225e-06	6.9168e-06	1.03826e-05	3.93902e-06
641	5128	1.0899e-04	4	2	5.83876e-06	3.21377e-06	6.76595e-06	1.02416e-05	3.84967e-06
642	5136	9.1705e-05	4	2	4.81307e-06	2.64441e-06	5.55231e-06	8.35424e-06	3.16112e-06
643	5144	8.1883e-05	4	2	4.24027e-06	2.35683e-06	4.9275e-06	7.37337e-06	2.77238e-06
644	5152	9.3771e-05	4	2	4.85419e-06	2.68493e-06	5.56277e-06	8.4371e-06	3.09078e-06
645	5160	9.7968e-05	4	2	4.93573e-06	2.7813e-06	5.67055e-06	8.5916e-06	3.12969e-06
646	5168	9.3522e-05	4	2	4.65839e-06	2.70711e-06	5.24022e-06	7.91161e-06	2.93286e-06
647	5176	1.0198e-04	4	2	5.20779e-06	3.08124e-06	5.66274e-06	8.34598e-06	3.25744e-06
648	5184	1.1721e-04	4	5	5.82847e-06	3.7067e-06	6.46643e-06	9.63343e-06	3.64557e-06
649	5192	1.1962e-04	4	5	5.85884e-06	3.68419e-06	6.54274e-06	9.88584e-06	3.67968e-06
650	5200	1.2602e-04	4	5	6.09207e-06	3.96631e-06	6.81799e-06	1.07274e-05	3.78516e-06
651	5208	1.2913e-04	4	5	6.0243e-06	4.08897e-06	6.87624e-06	1.09818e-05	3.73835e-06
652	5216	1.2086e-04	4	5	5.56566e-06	3.73551e-06	6.37828e-06	1.02011e-05	3.44202e-06
653	5224	1.0837e-04	4	5	4.96778e-06	3.28604e-06	5.67793e-06	8.9711e-06	3.05771e-06
654	5232	9.8458e-05	4	5	4.46156e-06	3.01664e-06	5.07022e-06	7.95224e-06	2.7829e-06
655	5240	1.0033e-04	4	5	4.40176e-06	3.02809e-06	5.02934e-06	7.84066e-06	2.798e-06
656	5248	1.1246e-04	4	2	5.11577e-06	3.32818e-06	5.59736e-06	8.56184e-06	3.36522e-06
657	5256	1.0497e-04	4	2	4.7276e-06	3.02479e-06	5.33647e-06	8.25808e-06	3.12455e-06
658	5264	1.0843e-04	4	2	4.84322e-06	3.14521e-06	5.55584e-06	8.48182e-06	3.18669e-06
659	5272	1.1539e-04	4	5	4.99882e-06	3.56175e-06	5.74321e-06	8.94571e-06	3.27037e-06
660	5280	1.0673e-04	4	5	4.48261e-06	3.24332e-06	5.14528e-06	8.0606e-06	2.94074e-06
661	5288	1.0983e-04	4	5	4.45556e-06	3.34365e-06	5.26324e-06	8.45317e-06	2.93355e-06
662	5296	1.3866e-04	4	5	5.50139e-06	4.55409e-06	6.54542e-06	1.05502e-05	3.63471e-06
663	5304	1.3629e-04	4	5	5.4574e-06	4.45405e-06	6.28389e-06	1.00681e-05	3.57547e-06
664	5312	1.3415e-04	4	5	5.34002e-06	4.25129e-06	6.11064e-06	9.63177e-06	3.55408e-06
665	5320	1.2815e-04	4	5	5.08954e-06	3.98018e-06	5.87948e-06	9.36335e-06	3.39442e-06
666	5328	1.3350e-04	4	5	5.2629e-06	4.33314e-06	5.91282e-06	9.71427e-06	3.44496e-06
667	5336	1.1978e-04	4	5	4.61444e-06	3.77869e-06	5.30765e-06	8.6966e-06	3.03467e-06
668	5344	1.0952e-04	4	5	4.22331e-06	3.32749e-06	4.97343e-06	7.96369e-06	2.79188e-06
669	5352	1.0522e-04	4	5	4.00973e-06	3.11805e-06	4.69652e-06	7.59421e-06	2.60436e-06
670	5360	9.7425e-05	4	5	3.74417e-06	2.91542e-06	4.27415e-06	6.8902e-06	2.39849e-06
671	5368	9.3413e-05	4	5	3.48288e-06	2.73448e-06	3.96897e-06	6.40365e-06	2.21708e-06
672	5376	8.9673e-05	4	5	3.23129e-06	2.57548e-06	3.73511e-06	6.14363e-06	2.0641e-06
673	5384	7.8219e-05	4	5	2.80821e-06	2.18169e-06	3.19307e-06	5.30679e-06	1.7998e-06
674	5392	6.5735e-05	4	5	2.37426e-06	1.83002e-06	2.75021e-06	4.48547e-06	1.54389e-06
675	5400	6.5240e-05	4	5	2.31283e-06	1.76756e-06	2.66245e-06	4.39097e-06	1.49971e-06
676	5408	7.3058e-05	4	5	2.88591e-06	1.97162e-06	3.08478e-06	4.90695e-06	1.91821e-06
677	5416	6.8150e-05	4	5	2.6298e-06	1.80283e-06	2.79646e-06	4.46966e-06	1.74239e-06
678	5424	6.8899e-05	4	5	2.59517e-06	1.77361e-06	2.8234e-06	4.70289e-06	1.71438e-06
679	5432	6.0266e-05	4	5	2.25757e-06	1.50135e-06	2.44794e-06	4.0916e-06	1.4738e-06
680	5440	5.1713e-05	4	5	1.87367e-06	1.25606e-06	2.04327e-06	3.44175e-06	1.22616e-06
681	5448	5.2780e-05	4	5	1.87911e-06	1.24082e-06	2.04411e-06	3.48267e-06	1.2394e-06
682	5456	4.9772e-05	4	2	1.79089e-06	1.13762e-06	1.96885e-06	3.30283e-06	1.15631e-06
683	5464	5.2707e-05	4	2	1.95477e-06	1.20834e-06	2.16375e-06	3.54722e-06	1.28939e-06
684	5472	4.5839e-05	4	2	1.65857e-06	1.03451e-06	1.84046e-06	3.00381e-06	1.10262e-06
685	5480	3.9180e-05	4	2	1.38852e-06	8.5438e-07	1.5415e-06	2.50481e-06	9.22882e-07
686	5488	3.8423e-05	4	2	1.35142e-06	8.38015e-07	1.56432e-06	2.62571e-06	8.81691e-07
687	5496	3.7510e-05	4	2	1.37288e-06	8.15496e-07	1.58516e-06	2.56077e-06	8.82408e-07
688	5504	3.3251e-05	4	2	1.19566e-06	7.20466e-07	1.40327e-06	2.25728e-06	7.6474e-07
689	5512	3.7195e-05	4	2	1.41666e-06	7.8284e-07	1.69197e-06	2.61754e-06	9.44251e-07
690	5520	3.5497e-05	4	2	1.35633e-06	7.31271e-07	1.59588e-06	2.42277e-06	9.29308e-07
691	5528	3.4556e-05	4	2	1.32503e-06	7.03192e-07	1.55523e-06	2.3174e-06	8.87639e-07
692	5536	3.2255e-05	4	2	1.20762e-06	6.36342e-07	1.41016e-06	2.09104e-06	8.04137e-07
693	5544	3.5762e-05	4	2	1.31625e-06	7.52589e-07	1.61623e-06	2.50843e-06	8.75549e-07
694	5552	3.5993e-05	4	2	1.38877e-06	7.43423e-07	1.63354e-06	2.46957e-06	9.38132e-07
695	5560	3.6317e-05	4	2	1.41543e-06	7.60303e-07	1.75598e-06	2.71601e-06	9.48952e-07
696	5568	3.3247e-05	4	2	1.26258e-06	6.71274e-07	1.5647e-06	2.4354e-06	8.56374e-07
697	5576	3.8041e-05	4	2	1.42084e-06	7.50842e-07	1.76161e-06	2.80505e-06	9.64468e-07
698	5584	4.1848e-05	4	2	1.54446e-06	9.04103e-07	1.90666e-06	3.0733e-06	1.03809e-06
699	5592	4.5312e-05	4	2	1.72125e-06	9.9637e-07	2.03071e-06	3.29999e-06	1.13833e-06
700	5600	5.3450e-05	4	2	2.1124e-06	1.18457e-06	2.31741e-06	3.86143e-06	1.3663e-06
701	5608	5.7095e-05	4	2	2.24017e-06	1.24679e-06	2.41425e-06	4.06313e-06	1.41635e-06
702	5616	5.7213e-05	4	2	2.28102e-06	1.21244e-06	2.45259e-06	4.11126e-06	1.41272e-06
703	5624	5.5763e-05	4	2	2.21806e-06	1.19893e-06	2.37369e-06	4.04564e-06	1.40171e-06
704	5632	5.8141e-05	4	2	2.37342e-06	1.21766e-06	2.43325e-06	4.06836e-06	1.44765e-06
705	5640	5.8408e-05	4	2	2.56462e-06	1.22839e-06	2.64614e-06	4.12257e-06	1.60075e-06
706	5648	5.0494e-05	4	2	2.1813e-06	1.03796e-06	2.30517e-06	3.52114e-06	1.38938e-06
707	5656	4.7186e-05	4	2	2.00989e-06	9.40901e-07	2.13321e-06	3.23613e-06	1.27671e-06
708	5664	4.5558e-05	4	2	1.91323e-06	9.30406e-07	1.98814e-06	3.03027e-06	1.19483e-06
709	5672	4.1126e-05	4	2	1.70685e-06	8.3433e-07	1.74452e-06	2.66003e-06	1.06113e-06
710	5680	4.1413e-05	4	2	1.66436e-06	8.17759e-07	1.73802e-06	2.69379e-06	1.04727e-06
711	5688	3.6743e-05	4	2	1.43928e-06	7.12402e-07	1.49684e-06	2.30935e-06	9.07372e-07
712	5696	3.8249e-05	4	2	1.44932e-06	7.29954e-07	1.51742e-06	2.39054e-06	9.14365e-07
713	5704	4.3617e-05	4	2	1.72598e-06	8.79991e-07	1.76013e-06	2.70045e-06	1.06155e-06
714	5712	3.4886e-05	4	2	1.34438e-06	7.21052e-07	1.37421e-06	2.13521e-06	8.22353e-07
715	5720	3.1778e-05	4	2	1.23213e-06	6.39431e-07	1.21091e-06	1.89076e-06	7.35829e-07
716	5728	3.3668e-05	4	2	1.37169e-06	7.05853e-07	1.26402e-06	1.9597e-06	8.15828e-07
717	5736	3.4264e-05	4	2	1.4202e-06	7.34118e-07	1.30352e-06	1.98305e-06	8.48392e-07
718	5744	3.4552e-05	4	2	1.41832e-06	7.35452e-07	1.30653e-06	1.95536e-06	8.44903e-07
719	5752	3.1309e-05	4	2	1.24985e-06	6.77846e-07	1.15759e-06	1.82912e-06	7.41032e-07
720	5760	3.4102e-05	4	2	1.34077e-06	7.26836e-07	1.21748e-06	1.95769e-06	7.91373e-07
721	5768	3.5706e-05	4	2	1.35997e-06	7.74232e-07	1.24789e-06	2.05648e-06	8.02163e-07
722	5776	3.9321e-05	4	2	1.47415e-06	8.24239e-07	1.34487e-06	2.18543e-06	8.86637e-07
723	5784	3.9936e-05	4	2	1.49901e-06	8.11109e-07	1.33343e-06	2.14977e-06	8.82385e-07
724	5792	4.6715e-05	4	2	1.73378e-06	9.84535e-07	1.58074e-06	2.48558e-06	1.08993e-06
725	5800	5.4655e-05	4	2	2.14234e-06	1.12326e-06	1.9346e-06	2.82241e-06	1.39196e-06
726	5808	5.2135e-05	4	2	2.0784e-06	1.06425e-06	1.88747e-06	2.72139e-06	1.39757e-06
727	5816	5.8438e-05	4	2	2.30521e-06	1.15392e-06	2.20931e-06	3.02806e-06	1.64468e-06
728	5824	6.8454e-05	4	2	3.04142e-06	1.30626e-06	2.86172e-06	3.55897e-06	2.06427e-06
729	5832	6.7794e-05	4	2	3.04042e-06	1.26559e-06	2.90313e-06	3.50322e-06	2.07206e-06
730	5840	6.3919e-05	4	2	2.88885e-06	1.19968e-06	2.68119e-06	3.21889e-06	1.9286e-06
731	5848	5.6331e-05	4	2	2.47495e-06	1.0217e-06	2.28731e-06	2.74456e-06	1.65648e-06
732	5856	5.6498e-05	1	2	2.72158e-06	1.01429e-06	2.42835e-06	2.72087e-06	1.73175e-06
733	5864	4.9438e-05	1	2	2.36875e-06	8.95919e-07	2.07278e-06	2.30505e-06	1.49901e-06
734	5872	4.4154e-05	4	2	2.04363e-06	8.00294e-07	1.82298e-06	2.07377e-06	1.30592e-06
735	5880	3.7283e-05	4	2	1.67893e-06	6.71045e-07	1.49216e-06	1.73261e-06	1.06617e-06
736	5888	3.2672e-05	4	2	1.44837e-06	5.77173e-07	1.28024e-06	1.47621e-06	9.15176e-07
737	5896	3.1803e-05	4	2	1.41339e-06	5.87124e-07	1.24482e-06	1.47675e-06	8.76524e-07
738	5904	3.2899e-05	4	2	1.44655e-06	6.32921e-07	1.25558e-06	1.52035e-06	8.85654e-07
739	5912	3.7305e-05	1	2	1.85897e-06	7.42205e-07	1.67354e-06	1.75917e-06	1.18205e-06
740	5920	4.1365e-05	1	2	2.06308e-06	8.87294e-07	1.81465e-06	1.93282e-06	1.32437e-06
741	5928	3.5638e-05	1	2	1.7557e-06	7.69024e-07	1.54327e-06	1.70359e-06	1.132e-06
742	5936	3.5764e-05	1	2	1.69855e-06	7.43371e-07	1.50261e-06	1.66097e-06	1.1077e-06
743	5944	4.1921e-05	1	2	1.92467e-06	8.90069e-07	1.70258e-06	1.91943e-06	1.29761e-06
744	5952	4.8911e-05	1	2	2.20221e-06	1.0462e-06	1.93995e-06	2.18977e-06	1.53935e-06
745	5960	4.6988e-05	1	2	2.07769e-06	9.8241e-07	1.81122e-06	2.04156e-06	1.43578e-06
746	5968	4.4969e-05	1	2	1.98894e-06	9.0805e-07	1.74222e-06	1.9764e-06	1.33778e-06
747	5976	5.2925e-05	1	2	3.0117e-06	1.13909e-06	2.62501e-06	2.40019e-06	1.96606e-06
748	5984	5.7851e-05	1	2	3.30463e-06	1.26518e-06	2.86259e-06	2.5767e-06	2.12346e-06
749	5992	6.9096e-05	1	2	4.02655e-06	1.54872e-06	3.47507e-06	3.05014e-06	2.58291e-06
750	6000	6.9286e-05	1	2	3.96806e-06	1.50912e-06	3.41122e-06	3.02442e-06	2.50511e-06
751	6008	8.3159e-05	1	2	4.69918e-06	1.74639e-06	4.10732e-06	3.55418e-06	3.03994e-06
752	6016	8.7347e-05	1	2	4.83657e-06	1.82943e-06	4.21958e-06	3.62126e-06	3.19986e-06
753	6024	9.2556e-05	1	2	5.06565e-06	1.89235e-06	4.51498e-06	3.82632e-06	3.46117e-06
754	6032	9.3807e-05	1	2	5.03826e-06	1.97744e-06	4.54512e-06	4.11085e-06	3.43702e-06
755	6040	8.3301e-05	1	2	4.42156e-06	1.76357e-06	3.95658e-06	3.54732e-06	3.00303e-06
756	6048	8.6698e-05	1	2	4.68713e-06	1.79673e-06	4.26673e-06	4.00041e-06	3.1123e-06
757	6056	8.4992e-05	1	2	4.57037e-06	1.73934e-06	4.16735e-06	3.95616e-06	3.03203e-06
758	6064	9.6016e-05	1	2	5.0287e-06	1.94889e-06	4.67821e-06	4.58884e-06	3.4267e-06
759	6072	9.4349e-05	1	2	4.76183e-06	1.88781e-06	4.48421e-06	4.47117e-06	3.28211e-06
760	6080	1.0385e-04	1	2	5.08901e-06	2.05201e-06	4.89854e-06	4.98477e-06	3.56073e-06
761	6088	1.2607e-04	1	2	6.25227e-06	2.42562e-06	6.06324e-06	6.07194e-06	4.26874e-06
762	6096	1.5694e-04	1	2	7.69742e-06	2.95421e-06	7.51078e-06	7.48176e-06	5.33311e-06
763	6104	1.4606e-04	1	2	7.40898e-06	2.68694e-06	7.19338e-06	7.03462e-06	4.95924e-06
764	6112	1.6100e-04	1	2	8.02656e-06	2.86195e-06	7.78773e-06	7.61258e-06	5.47228e-06
765	6120	1.4810e-04	1	2	7.26549e-06	2.58055e-06	6.95671e-06	6.82155e-06	4.94715e-06
766	6128	1.6918e-04	1	2	8.22864e-06	3.18207e-06	8.1559e-06	8.13689e-06	5.75075e-06
767	6136	2.0420e-04	4	2	1.00808e-05	4.0291e-06	1.06048e-05	1.11796e-05	7.08735e-06
768	6144	2.2726e-04	4	2	1.11037e-05	4.81323e-06	1.15588e-05	1.24491e-05	7.66298e-06
769	6152	2.3530e-04	4	2	1.1508e-05	5.11864e-06	1.16179e-05	1.25029e-05	7.72678e-06
770	6160	2.2762e-04	4	2	1.10283e-05	4.8193e-06	1.09475e-05	1.16978e-05	7.2733e-06
771	6168	2.2240e-04	4	2	1.0409e-05	4.65639e-06	1.03553e-05	1.13553e-05	6.89559e-06
772	6176	2.1661e-04	4	2	9.83924e-06	4.72349e-06	9.88978e-06	1.15926e-05	6.51329e-06
773	6184	2.2375e-04	4	2	1.03887e-05	4.75843e-06	1.02239e-05	1.19408e-05	6.54296e-06
774	6192	2.5228e-04	4	2	1.19219e-05	5.19021e-06	1.17257e-05	1.39057e-05	7.16126e-06
775	6200	2.6353e-04	4	2	1.22074e-05	5.24979e-06	1.19203e-05	1.4332e-05	7.29599e-06
776	6208	2.6625e-04	4	2	1.23215e-05	5.4845e-06	1.20946e-05	1.48485e-05	7.25823e-06
777	6216	2.9345e-04	4	2	1.31906e-05	6.37235e-06	1.3098e-05	1.61029e-05	8.03062e-06
778	6224	3.0390e-04	4	2	1.35399e-05	6.44771e-06	1.36368e-05	1.67359e-05	8.23645e-06
779	6232	3.1979e-04	4	2	1.4242e-05	7.04988e-06	1.3935e-05	1.79066e-05	8.7673e-06
780	6240	2.8287e-04	4	2	1.23297e-05	6.18107e-06	1.20316e-05	1.5541e-05	7.81645e-06
781	6248	2.4851e-04	4	2	1.09931e-05	5.27958e-06	1.0579e-05	1.32786e-05	6.89133e-06
782	6256	2.4439e-04	4	2	1.05676e-05	5.03625e-06	1.00839e-05	1.29798e-05	6.71218e-06
783	6264	2.4171e-04	4	2	1.04535e-05	4.87086e-06	1.00928e-05	1.24498e-05	6.90251e-06
784	6272	2.4417e-04	4	2	1.05638e-05	5.39267e-06	1.05427e-05	1.29668e-05	7.22613e-06
785	6280	2.7223e-04	4	2	1.18696e-05	6.13467e-06	1.2996e-05	1.60304e-05	8.42234e-06
786	6288	3.3458e-04	4	2	1.5646e-05	8.74407e-06	1.59278e-05	1.93166e-05	1.039e-05
787	6296	3.3022e-04	4	2	1.5012e-05	8.5661e-06	1.54151e-05	1.91012e-05	9.93973e-06
788	6304	3.4418e-04	4	2	1.54839e-05	9.0353e-06	1.56479e-05	1.94905e-05	1.01017e-05
789	6312	3.7154e-04	4	2	1.64446e-05	9.61508e-06	1.64265e-05	2.12536e-05	1.05968e-05
790	6320	3.8401e-04	4	2	1.69252e-05	1.00213e-05	1.68165e-05	2.27715e-05	1.06499e-05
791	6328	3.1994e-04	4	2	1.40373e-05	8.0789e-06	1.37806e-05	1.84416e-05	8.92374e-06
792	6336	2.8440e-04	4	2	1.21781e-05	7.1594e-06	1.18577e-05	1.63393e-05	7.95194e-06
793	6344	2.7581e-04	4	2	1.13908e-05	7.00996e-06	1.11128e-05	1.53715e-05	7.48994e-06
794	6352	2.8026e-04	4	2	1.228e-05	7.0752e-06	1.16768e-05	1.56588e-05	7.5448e-06
795	6360	2.6438e-04	4	2	1.12381e-05	6.65774e-06	1.06616e-05	1.44303e-05	6.95237e-06
796	6368	2.6872e-04	4	2	1.10476e-05	6.58382e-06	1.04715e-05	1.41576e-05	6.81784e-06
797	6376	2.5892e-04	4	5	1.03241e-05	6.47264e-06	1.02124e-05	1.43688e-05	6.39899e-06
798	6384	2.2203e-04	4	2	8.52893e-06	5.38602e-06	8.4766e-06	1.19543e-05	5.3992e-06
799	6392	2.0577e-04	4	2	7.94504e-06	4.82137e-06	7.82225e-06	1.08943e-05	4.85971e-06
800	6400	2.5166e-04	4	2	9.8314e-06	5.75699e-06	9.7043e-06	1.29919e-05	6.22336e-06
801	6408	2.4488e-04	4	2	9.8776e-06	5.57138e-06	9.51721e-06	1.25885e-05	6.31342e-06
802	6416	2.6968e-04	4	2	1.09996e-05	6.03039e-06	1.04792e-05	1.38384e-05	6.80433e-06
803	6424	2.7966e-04	4	2	1.1958e-05	6.11307e-06	1.11514e-05	1.41225e-05	7.11983e-06
804	6432	2.5291e-04	4	2	1.05253e-05	5.35393e-06	9.86231e-06	1.25233e-05	6.2771e-06
805	6440	2.4516e-04	4	2	1.04096e-05	5.13072e-06	1.0298e-05	1.30183e-05	6.18035e-06
806	6448	2.9706e-04	4	2	1.26159e-05	6.77105e-06	1.25545e-05	1.65156e-05	7.47413e-06
807	6456	3.0651e-04	4	2	1.28263e-05	6.84818e-06	1.30408e-05	1.66882e-05	8.09917e-06
808	6464	3.1592e-04	4	2	1.29767e-05	6.92456e-06	1.36718e-05	1.70539e-05	8.55589e-06
809	6472	3.2245e-04	4	2	1.30385e-05	6.96138e-06	1.37245e-05	1.71451e-05	8.56139e-06
810	6480	2.7776e-04	4	2	1.14672e-05	5.89022e-06	1.17381e-05	1.44888e-05	7.26814e-06
811	6488	2.2849e-04	4	2	9.12367e-06	5.03415e-06	9.5103e-06	1.25156e-05	5.78987e-06
812	6496	2.2936e-04	4	2	8.91103e-06	5.28729e-06	9.24203e-06	1.24398e-05	5.65936e-06
813	6504	1.9917e-04	4	2	7.58668e-06	4.69577e-06	7.74425e-06	1.05322e-05	4.76974e-06
814	6512	2.1567e-04	4	2	8.34179e-06	4.96606e-06	8.49485e-06	1.10295e-05	5.58156e-06
815	6520	1.8918e-04	4	2	7.26684e-06	4.45753e-06	7.34742e-06	9.42943e-06	4.82376e-06
816	6528	2.1996e-04	4	2	8.23664e-06	5.30164e-06	8.54216e-06	1.06814e-05	5.82997e-06
817	6536	2.1847e-04	4	2	8.00803e-06	5.34623e-06	8.28813e-06	1.04233e-05	5.65281e-06
818	6544	1.9865e-04	4	2	7.13605e-06	4.76741e-06	7.49384e-06	9.4421e-06	5.06838e-06
819	6552	1.8425e-04	4	2	6.56554e-06	4.28882e-06	6.91175e-06	8.50513e-06	4.78908e-06
820	6560	1.7357e-04	4	2	6.2059e-06	4.136e-06	6.35907e-06	7.8047e-06	4.42328e-06
821	6568	1.9307e-04	4	2	6.86701e-06	4.62644e-06	7.42908e-06	9.28293e-06	4.89836e-06
822	6576	1.8113e-04	4	2	6.39889e-06	4.21658e-06	6.94733e-06	8.55784e-06	4.50815e-06
823	6584	1.8046e-04	4	2	6.24172e-06	4.09573e-06	6.79666e-06	8.42662e-06	4.43047e-06
824	6592	1.7227e-04	4	2	5.98735e-06	4.0233e-06	6.48458e-06	8.06701e-06	4.17917e-06
825	6600	1.7706e-04	4	2	6.09785e-06	4.0276e-06	6.51552e-06	8.35464e-06	4.22339e-06
826	6608	1.7303e-04	4	2	5.96868e-06	3.97431e-06	6.29101e-06	8.0507e-06	4.17435e-06
827	6616	1.3973e-04	4	2	4.78548e-06	3.19672e-06	4.93645e-06	6.32612e-06	3.28994e-06
828	6624	1.2718e-04	4	2	4.23925e-06	2.85469e-06	4.42318e-06	5.74891e-06	2.95079e-06
829	6632	1.3447e-04	4	2	4.74586e-06	2.90867e-06	4.84272e-06	6.00049e-06	3.15773e-06
830	6640	1.2975e-04	4	2	4.55978e-06	2.92579e-06	4.77944e-06	5.795e-06	3.12722e-06
831	6648	1.3541e-04	4	2	4.62302e-06	3.13505e-06	4.91092e-06	6.09521e-06	3.15863e-06
832	6656	1.5421e-04	4	5	5.21596e-06	3.86598e-06	5.41812e-06	6.73481e-06	3.5035e-06
833	6664	1.4435e-04	4	5	5.62119e-06	3.83896e-06	5.28512e-06	6.17287e-06	3.28525e-06
834	6672	1.3623e-04	4	5	5.29474e-06	3.51895e-06	4.97699e-06	5.69117e-06	3.09698e-06
835	6680	1.4274e-04	4	5	5.77926e-06	3.95493e-06	5.14566e-06	5.79692e-06	3.21695e-06
836	6688	1.5260e-04	1	5	6.30045e-06	4.47474e-06	5.44618e-06	6.0119e-06	3.50066e-06
837	6696	1.5897e-04	1	5	6.43674e-06	4.65453e-06	5.5025e-06	6.06773e-06	3.52357e-06
838	6704	1.5209e-04	1	5	6.34083e-06	4.51877e-06	5.35839e-06	5.65648e-06	3.53111e-06
839	6712	1.3663e-04	1	5	5.69851e-06	3.96782e-06	4.91463e-06	5.18432e-06	3.1722e-06
840	6720	1.1582e-04	1	5	4.67485e-06	3.28438e-06	4.07208e-06	4.33503e-06	2.65408e-06
841	6728	1.1427e-04	1	5	4.67134e-06	3.23565e-06	3.96674e-06	4.23671e-06	2.54926e-06
842	6736	1.2109e-04	1	5	4.92046e-06	3.36504e-06	4.08239e-06	4.32447e-06	2.61319e-06
843	6744	1.3192e-04	1	5	6.11097e-06	3.75828e-06	5.1114e-06	4.8612e-06	3.16325e-06
844	6752	1.3960e-04	1	5	6.45361e-06	3.83562e-06	5.54105e-06	5.21979e-06	3.35426e-06
845	6760	1.4509e-04	1	5	6.5002e-06	3.88941e-06	5.63295e-06	5.24889e-06	3.46094e-06
846	6768	1.5346e-04	1	5	6.7007e-06	4.08678e-06	5.77832e-06	5.39011e-06	3.54979e-06
847	6776	1.8105e-04	1	5	7.71624e-06	4.70001e-06	6.59678e-06	6.14801e-06	4.06067e-06
848	6784	2.0083e-04	1	5	8.86155e-06	5.42251e-06	7.56672e-06	6.68558e-06	4.88294e-06
849	6792	2.3804e-04	1	5	1.10013e-05	6.7611e-06	9.13885e-06	7.96747e-06	5.76022e-06
850	6800	2.0538e-04	1	5	9.2175e-06	5.65618e-06	7.64401e-06	6.68804e-06	4.81292e-06
851	6808	1.6652e-04	1	5	7.25449e-06	4.5698e-06	6.08324e-06	5.38856e-06	3.83161e-06
852	6816	1.4888e-04	1	5	6.34825e-06	3.96028e-06	5.3525e-06	4.69812e-06	3.37377e-06
853	6824	1.3533e-04	1	5	5.56611e-06	3.50598e-06	4.71755e-06	4.23679e-06	2.96529e-06
854	6832	1.3763e-04	1	5	5.57812e-06	3.4907e-06	4.76792e-06	4.37406e-06	2.94666e-06
855	6840	1.4471e-04	1	5	5.67179e-06	3.69314e-06	4.86364e-06	4.88059e-06	3.00787e-06
856	6848	1.4911e-04	1	5	5.66501e-06	3.74512e-06	4.87104e-06	4.90371e-06	3.0159e-06
857	6856	1.5545e-04	1	5	5.79056e-06	3.93411e-06	4.9493e-06	4.94106e-06	3.12493e-06
858	6864	1.2557e-04	1	5	4.51067e-06	3.07261e-06	3.86126e-06	3.86794e-06	2.44302e-06
859	6872	1.2433e-04	1	5	4.52016e-06	3.04146e-06	3.84894e-06	3.76491e-06	2.43311e-06
860	6880	1.2113e-04	1	5	4.37859e-06	2.99988e-06	3.68173e-06	3.62335e-06	2.33244e-06
861	6888	1.1906e-04	1	5	4.28823e-06	2.95022e-06	3.59039e-06	3.55641e-06	2.24628e-06
862	6896	1.1022e-04	1	5	3.88121e-06	2.69342e-06	3.23016e-06	3.18526e-06	2.05733e-06
863	6904	1.0691e-04	1	5	3.91012e-06	2.53572e-06	3.29698e-06	3.05954e-06	2.10177e-06
864	6912	9.8680e-05	1	5	3.53265e-06	2.29739e-06	3.02376e-06	2.89595e-06	1.90021e-06
865	6920	9.5374e-05	1	5	3.33243e-06	2.19221e-06	2.8472e-06	2.76013e-06	1.8067e-06
866	6928	9.7938e-05	1	5	3.415e-06	2.18989e-06	2.95015e-06	2.91975e-06	1.81773e-06
867	6936	9.4545e-05	1	5	3.23068e-06	2.13658e-06	2.79983e-06	2.77818e-06	1.731e-06
868	6944	9.3397e-05	1	5	3.09626e-06	2.09736e-06	2.66342e-06	2.73869e-06	1.66508e-06
869	6952	9.1411e-05	1	5	3.03736e-06	2.05671e-06	2.5752e-06	2.69232e-06	1.58033e-06
870	6960	7.9681e-05	1	5	2.59629e-06	1.74798e-06	2.18984e-06	2.28115e-06	1.34553e-06
871	6968	7.1164e-05	1	5	2.24872e-06	1.57076e-06	1.90711e-06	1.9985e-06	1.17845e-06
872	6976	6.5489e-05	1	5	2.01975e-06	1.39975e-06	1.73258e-06	1.79188e-06	1.09087e-06
873	6984	5.7522e-05	1	5	1.85156e-06	1.27971e-06	1.53715e-06	1.55428e-06	9.72551e-07
874	6992	4.7184e-05	1	5	1.48224e-06	1.02291e-06	1.22332e-06	1.23069e-06	7.82611e-07
875	7000	4.2803e-05	1	5	1.32563e-06	9.25502e-07	1.0917e-06	1.08407e-06	7.05928e-07
876	7008	3.7971e-05	1	5	1.16144e-06	8.11196e-07	9.51675e-07	9.35333e-07	6.28823e-07
877	7016	3.1917e-05	1	5	9.44394e-07	6.67341e-07	7.72127e-07	7.81471e-07	5.14692e-07
878	7024	2.8199e-05	1	5	8.09288e-07	5.85423e-07	6.57396e-07	6.71776e-07	4.38225e-07
879	7032	2.6373e-05	1	5	7.43394e-07	5.48387e-07	6.20829e-07	6.4629e-07	4.14527e-07
880	7040	2.9516e-05	1	5	8.6496e-07	6.21659e-07	7.04767e-07	7.03518e-07	5.04269e-07
881	7048	2.8517e-05	1	5	8.22031e-07	5.96546e-07	6.65776e-07	6.88971e-07	4.72959e-07
882	7056	2.3527e-05	1	5	6.7655e-07	4.88725e-07	5.40232e-07	5.56508e-07	3.83746e-07
883	7064	2.1641e-05	1	5	6.02276e-07	4.52098e-07	4.80904e-07	5.06501e-07	3.41833e-07
884	7072	2.2218e-05	1	5	6.25168e-07	4.97677e-07	4.90544e-07	5.23717e-07	3.44907e-07
885	7080	2.6084e-05	1	5	7.27394e-07	5.98322e-07	6.20922e-07	6.72007e-07	4.21899e-07
886	7088	2.9586e-05	1	5	8.45924e-07	6.61227e-07	7.35252e-07	7.61441e-07	5.0181e-07
887	7096	2.7174e-05	1	5	7.52569e-07	5.92633e-07	6.59268e-07	6.9321e-07	4.48438e-07
888	7104	2.6333e-05	1	5	7.49915e-07	5.57152e-07	6.8077e-07	6.97043e-07	4.48817e-07
889	7112	2.3869e-05	1	5	6.57559e-07	4.92998e-07	5.99525e-07	6.16987e-07	3.97964e-07
890	7120	2.2296e-05	1	5	6.28019e-07	4.73088e-07	5.48773e-07	5.55336e-07	3.61866e-07
891	7128	2.2793e-05	1	5	6.38476e-07	4.81495e-07	5.49951e-07	5.68925e-07	3.58619e-07
892	7136	2.1801e-05	1	5	6.03455e-07	4.61705e-07	5.2739e-07	5.55766e-07	3.36943e-07
893	7144	2.0227e-05	1	5	5.67125e-07	4.32243e-07	4.87872e-07	5.05535e-07	3.14207e-07
894	7152	1.8412e-05	1	5	5.14471e-07	3.84391e-07	4.44765e-07	4.57439e-07	2.81786e-07
895	7160	1.6184e-05	1	5	4.37215e-07	3.30825e-07	3.82985e-07	3.95851e-07	2.447e-07
896	7168	1.5442e-05	1	5	4.06347e-07	3.1057e-07	3.5704e-07	3.70278e-07	2.31073e-07
897	7176	1.4939e-05	1	5	4.03512e-07	2.93675e-07	3.61147e-07	3.56071e-07	2.32949e-07
898	7184	1.4580e-05	1	5	3.85398e-07	2.85023e-07	3.57687e-07	3.60866e-07	2.32067e-07
899	7192	1.3022e-05	1	5	3.42202e-07	2.51359e-07	3.17553e-07	3.18523e-07	2.06507e-07
900	7200	1.4686e-05	4	5	3.81205e-07	3.19101e-07	3.51155e-07	3.8934e-07	2.26527e-07
901	7208	1.5815e-05	4	5	4.16519e-07	3.58142e-07	3.79332e-07	4.36779e-07	2.41767e-07
902	7216	1.6224e-05	4	5	4.21065e-07	3.62138e-07	3.91378e-07	4.43881e-07	2.51501e-07
903	7224	1.6202e-05	4	5	4.17514e-07	3.66183e-07	3.83022e-07	4.42517e-07	2.44532e-07
904	7232	1.4830e-05	4	5	3.69968e-07	3.30145e-07	3.42469e-07	3.98905e-07	2.18874e-07
905	7240	1.4148e-05	4	5	3.45834e-07	3.20567e-07	3.16769e-07	3.74526e-07	2.02316e-07
906	7248	1.2896e-05	4	5	3.09862e-07	2.87119e-07	2.80849e-07	3.31361e-07	1.82446e-07
907	7256	1.1798e-05	4	5	2.74446e-07	2.55095e-07	2.50896e-07	2.96129e-07	1.6405e-07
908	7264	1.1426e-05	4	5	2.66466e-07	2.56301e-07	2.34705e-07	2.86616e-07	1.54137e-07
909	7272	9.5215e-06	4	5	2.16958e-07	2.06248e-07	1.91414e-07	2.33202e-07	1.24903e-07
910	7280	8.4666e-06	4	5	1.89884e-07	1.78636e-07	1.65023e-07	2.0142e-07	1.08335e-07
911	7288	7.8845e-06	4	5	1.7339e-07	1.686e-07	1.55951e-07	1.91366e-07	1.01313e-07
912	7296	9.0720e-06	4	5	1.94491e-07	1.99572e-07	1.92114e-07	2.41219e-07	1.20019e-07
913	7304	8.4421e-06	4	5	1.90503e-07	1.86507e-07	1.81175e-07	2.22468e-07	1.12874e-07
914	7312	8.3793e-06	4	5	1.8785e-07	1.83316e-07	1.7586e-07	2.16339e-07	1.11042e-07
915	7320	8.6581e-06	4	5	1.92023e-07	1.853e-07	1.86555e-07	2.32143e-07	1.13067e-07
916	7328	9.2422e-06	4	5	2.00788e-07	1.95515e-07	1.99858e-07	2.52944e-07	1.17134e-07
917	7336	9.5038e-06	4	5	1.99295e-07	2.08302e-07	2.02712e-07	2.63388e-07	1.18552e-07
918	7344	8.8725e-06	4	5	1.84111e-07	1.9015e-07	1.86762e-07	2.41302e-07	1.10398e-07
919	7352	9.6374e-06	4	5	2.04014e-07	2.27825e-07	1.99947e-07	2.77921e-07	1.16914e-07
920	7360	9.8498e-06	4	5	2.02662e-07	2.29631e-07	2.01912e-07	2.79184e-07	1.20921e-07
921	7368	1.0095e-05	4	5	2.00933e-07	2.33027e-07	2.09728e-07	2.99111e-07	1.222e-07
922	7376	9.9340e-06	4	5	1.94672e-07	2.23482e-07	2.08257e-07	2.95319e-07	1.17494e-07
923	7384	9.7712e-06	4	5	1.86079e-07	2.16774e-07	1.98299e-07	2.89223e-07	1.12462e-07
924	7392	9.7246e-06	4	5	1.79967e-07	2.13992e-07	1.9771e-07	2.88554e-07	1.12666e-07
925	7400	1.0231e-05	4	5	1.83945e-07	2.24738e-07	2.04306e-07	3.0767e-07	1.15295e-07
926	7408	1.0333e-05	4	5	1.82671e-07	2.27008e-07	2.01828e-07	3.10858e-07	1.13794e-07
927	7416	9.2408e-06	4	5	1.65416e-07	1.98324e-07	1.79854e-07	2.73339e-07	1.00867e-07
928	7424	8.5159e-06	4	5	1.54024e-07	1.77523e-07	1.61479e-07	2.4291e-07	9.0904e-08
929	7432	7.7053e-06	4	5	1.35813e-07	1.59571e-07	1.42609e-07	2.15744e-07	7.98608e-08
930	7440	8.0516e-06	4	5	1.38705e-07	1.64752e-07	1.44752e-07	2.2167e-07	8.29756e-08
931	7448	7.0873e-06	4	5	1.18748e-07	1.51758e-07	1.28473e-07	2.04106e-07	7.18952e-08
932	7456	6.7620e-06	4	5	1.1078e-07	1.40153e-07	1.20132e-07	1.90013e-07	6.79411e-08
933	7464	5.9592e-06	4	5	1.02124e-07	1.24561e-07	1.04543e-07	1.63072e-07	5.98274e-08
934	7472	6.4796e-06	4	5	1.20576e-07	1.45578e-07	1.19402e-07	1.83667e-07	7.19519e-08
935	7480	6.2258e-06	4	5	1.13596e-07	1.35148e-07	1.11271e-07	1.70802e-07	6.74445e-08
936	7488	5.6825e-06	4	5	1.03788e-07	1.19738e-07	1.01019e-07	1.52039e-07	6.05899e-08
937	7496	6.4292e-06	4	5	1.27709e-07	1.52176e-07	1.115e-07	1.80328e-07	6.99231e-08
938	7504	9.5296e-06	4	5	2.15066e-07	2.52134e-07	1.61418e-07	2.83439e-07	1.08606e-07
939	7512	1.0167e-05	4	5	2.24228e-07	2.60166e-07	1.68768e-07	2.9233e-07	1.13956e-07
940	7520	9.6513e-06	4	5	2.10433e-07	2.44489e-07	1.56488e-07	2.71652e-07	1.05445e-07
941	7528	9.6953e-06	4	5	2.08838e-07	2.4597e-07	1.60191e-07	2.82561e-07	1.04696e-07
942	7536	1.0144e-05	4	5	2.12617e-07	2.61906e-07	1.70004e-07	3.078e-07	1.07476e-07
943	7544	9.3394e-06	4	5	1.97602e-07	2.42644e-07	1.56725e-07	2.85031e-07	1.00183e-07
944	7552	1.1480e-05	4	5	2.68456e-07	2.90374e-07	2.18797e-07	3.49065e-07	1.34878e-07
945	7560	1.2734e-05	4	5	2.94115e-07	3.1896e-07	2.60594e-07	4.03735e-07	1.53217e-07
946	7568	1.3687e-05	4	5	3.08878e-07	3.38465e-07	2.7381e-07	4.24286e-07	1.61902e-07
947	7576	1.7422e-05	4	5	3.90444e-07	4.38554e-07	3.61981e-07	5.59928e-07	2.07495e-07
948	7584	2.0820e-05	4	5	4.56827e-07	5.09844e-07	4.32058e-07	6.51841e-07	2.49851e-07
949	7592	2.2848e-05	4	5	4.9527e-07	5.58893e-07	4.61554e-07	7.02421e-07	2.68304e-07
950	7600	2.4346e-05	4	5	5.16489e-07	5.8124e-07	4.84906e-07	7.32422e-07	2.80488e-07
951	7608	2.1123e-05	4	5	4.325e-07	4.90907e-07	4.11622e-07	6.25042e-07	2.34992e-07
952	7616	2.0492e-05	4	5	4.17829e-07	4.61921e-07	3.9273e-07	5.88116e-07	2.25579e-07
953	7624	2.0427e-05	4	5	4.32415e-07	4.88797e-07	3.78058e-07	5.89728e-07	2.24579e-07
954	7632	2.0074e-05	4	5	4.39765e-07	4.95364e-07	3.72027e-07	5.91869e-07	2.19206e-07
955	7640	1.8301e-05	4	5	3.97508e-07	4.50982e-07	3.29922e-07	5.30041e-07	1.97713e-07
956	7648	1.9636e-05	4	5	4.13153e-07	4.80882e-07	3.47544e-07	5.70029e-07	2.05103e-07
957	7656	1.6577e-05	4	5	3.35704e-07	3.93073e-07	2.83431e-07	4.66899e-07	1.66695e-07
958	7664	1.7439e-05	4	5	3.68022e-07	4.04258e-07	3.10124e-07	4.78622e-07	1.88886e-07
959	7672	2.0368e-05	4	5	4.54109e-07	4.63121e-07	3.81998e-07	5.45001e-07	2.35754e-07
960	7680	2.2994e-05	4	5	5.32783e-07	5.24672e-07	4.31494e-07	5.96974e-07	2.75778e-07
961	7688	2.4990e-05	4	5	5.72734e-07	5.53907e-07	4.71422e-07	6.30603e-07	3.05505e-07
962	7696	2.8843e-05	4	5	6.96648e-07	6.76957e-07	5.40029e-07	7.28935e-07	3.78731e-07
963	7704	2.7746e-05	4	5	6.74182e-07	6.37279e-07	5.24436e-07	6.84159e-07	3.63634e-07
964	7712	2.8499e-05	4	5	6.97728e-07	7.17442e-07	5.27496e-07	7.7564e-07	3.68284e-07
965	7720	3.1703e-05	4	5	8.28626e-07	8.68492e-07	5.73437e-07	9.0398e-07	4.35228e-07
966	7728	2.7778e-05	4	5	7.0466e-07	7.42629e-07	4.90698e-07	7.7738e-07	3.71154e-07
967	7736	2.8814e-05	4	5	7.23944e-07	8.10259e-07	5.1759e-07	8.70721e-07	3.78473e-07
968	7744	3.2570e-05	4	5	7.90991e-07	9.56137e-07	6.37991e-07	1.1292e-06	4.13929e-07
969	7752	3.3884e-05	4	5	8.02186e-07	9.69407e-07	6.61934e-07	1.16312e-06	4.22692e-07
970	7760	2.9100e-05	4	5	6.64045e-07	8.08207e-07	5.59853e-07	9.84346e-07	3.52494e-07
971	7768	2.5479e-05	4	5	5.6917e-07	7.04618e-07	4.72412e-07	8.48289e-07	3.00287e-07
972	7776	2.2895e-05	4	5	5.03389e-07	6.43559e-07	4.26539e-07	7.86918e-07	2.62219e-07
973	7784	2.2545e-05	4	5	5.0791e-07	6.47144e-07	4.06319e-07	7.7332e-07	2.56651e-07
974	7792	2.0137e-05	4	5	4.46095e-07	5.7355e-07	3.52089e-07	6.80725e-07	2.24092e-07
975	7800	1.9601e-05	4	5	4.33592e-07	5.47578e-07	3.32388e-07	6.42018e-07	2.14983e-07
976	7808	1.7897e-05	4	5	3.9661e-07	4.97395e-07	2.93199e-07	5.74741e-07	1.95431e-07
977	7816	1.8400e-05	4	5	3.95379e-07	4.99859e-07	3.06593e-07	5.83776e-07	2.02233e-07
978	7824	1.8304e-05	4	5	3.83037e-07	4.79366e-07	2.98369e-07	5.61441e-07	1.96646e-07
979	7832	1.8054e-05	4	5	3.77873e-07	4.9914e-07	2.96609e-07	5.93398e-07	1.927e-07
980	7840	1.7609e-05	4	5	3.75416e-07	4.73723e-07	2.96562e-07	5.65869e-07	1.92455e-07
981	7848	1.6921e-05	4	5	3.53457e-07	4.42953e-07	2.77141e-07	5.3024e-07	1.79405e-07
982	7856	1.8335e-05	4	5	3.9604e-07	4.67052e-07	3.05157e-07	5.53899e-07	2.02915e-07
983	7864	1.8195e-05	4	5	3.92387e-07	4.66677e-07	2.98091e-07	5.49812e-07	1.99521e-07
984	7872	1.9669e-05	4	5	4.11633e-07	4.89746e-07	3.1097e-07	5.74431e-07	2.09839e-07
985	7880	2.0167e-05	4	5	4.08682e-07	4.85283e-07	3.11143e-07	5.69854e-07	2.08955e-07
986	7888	1.8385e-05	4	5	3.59887e-07	4.31978e-07	2.77466e-07	5.11984e-07	1.83744e-07
987	7896	2.0093e-05	4	5	3.80391e-07	4.62985e-07	3.00712e-07	5.47567e-07	1.98036e-07
988	7904	2.1012e-05	4	5	3.85568e-07	4.75665e-07	3.10665e-07	5.59864e-07	2.04061e-07
989	7912	2.1864e-05	4	5	4.01398e-07	5.12298e-07	3.22302e-07	5.99195e-07	2.14234e-07
990	7920	2.4372e-05	4	5	4.67068e-07	6.11195e-07	3.51435e-07	6.96762e-07	2.4944e-07
991	7928	2.5035e-05	4	5	4.74715e-07	6.27441e-07	3.49149e-07	7.18272e-07	2.49582e-07
992	7936	2.6470e-05	4	5	4.98126e-07	6.59999e-07	3.91981e-07	7.59229e-07	2.66749e-07
993	7944	3.0519e-05	4	5	5.58148e-07	7.48196e-07	4.59217e-07	8.66568e-07	3.07851e-07
994	7952	3.4673e-05	4	5	6.48338e-07	8.48273e-07	5.57472e-07	9.92774e-07	3.64983e-07
995	7960	3.4046e-05	4	5	6.27664e-07	8.19786e-07	5.67596e-07	9.82263e-07	3.6364e-07
996	7968	3.0951e-05	4	5	5.67935e-07	7.34207e-07	5.28464e-07	8.90616e-07	3.30543e-07
997	7976	3.2272e-05	4	5	6.3604e-07	7.7463e-07	5.52508e-07	9.03785e-07	3.69481e-07
998	7984	2.8872e-05	4	5	5.55412e-07	6.839e-07	4.78333e-07	7.97949e-07	3.20716e-07
999	7992	3.0015e-05	4	5	6.26362e-07	7.54664e-07	4.88592e-07	8.33797e-07	3.48904e-07
1000	8000	2.8130e-05	4	5	5.74728e-07	6.95255e-07	4.43589e-07	7.60599e-07	3.21217e-07
1001	8008	2.7040e-05	4	5	5.66692e-07	6.7978e-07	4.18496e-07	7.28825e-07	3.14197e-07
1002	8016	2.5877e-05	4	5	5.52036e-07	6.49977e-07	4.06688e-07	6.88705e-07	3.11412e-07
1003	8024	2.4816e-05	4	5	5.28772e-07	6.28238e-07	3.78447e-07	6.63947e-07	2.94085e-07
1004	8032	2.3738e-05	4	5	5.114e-07	5.87865e-07	3.61998e-07	6.13373e-07	2.81096e-07
1005	8040	2.0241e-05	4	5	4.29338e-07	4.88945e-07	3.00581e-07	5.06418e-07	2.34743e-07
1006	8048	2.0359e-05	4	5	4.17937e-07	4.77204e-07	2.91403e-07	4.95126e-07	2.28835e-07
1007	8056	2.1428e-05	4	5	4.49301e-07	4.96881e-07	3.05662e-07	5.05324e-07	2.4342e-07
1008	8064	2.5051e-05	4	5	5.09726e-07	5.63114e-07	3.45167e-07	5.70092e-07	2.7566e-07
1009	8072	3.0400e-05	2	5	6.38605e-07	7.13858e-07	4.11144e-07	7.06586e-07	3.30824e-07
1010	8080	3.4264e-05	2	5	7.77868e-07	8.37818e-07	4.83373e-07	7.90842e-07	4.01387e-07
1011	8088	2.9934e-05	2	5	6.65805e-07	7.16799e-07	4.15285e-07	6.79118e-07	3.44406e-07
1012	8096	3.0936e-05	2	5	6.94859e-07	7.4774e-07	4.20662e-07	6.94557e-07	3.47759e-07
1013	8104	3.0172e-05	2	5	6.61521e-07	7.07942e-07	4.25032e-07	6.73928e-07	3.36488e-07
1014	8112	2.8702e-05	2	5	6.31589e-07	6.59096e-07	4.11204e-07	6.21882e-07	3.27574e-07
1015	8120	3.0453e-05	1	5	7.03252e-07	6.8906e-07	4.79374e-07	6.47573e-07	3.76345e-07
1016	8128	2.6563e-05	1	5	5.98166e-07	5.92496e-07	4.07544e-07	5.601e-07	3.20809e-07
1017	8136	2.3876e-05	1	5	5.2558e-07	5.2179e-07	3.5334e-07	4.87195e-07	2.79914e-07
1018	8144	2.0396e-05	1	5	4.40538e-07	4.33807e-07	2.96968e-07	4.03508e-07	2.38007e-07
1019	8152	1.9670e-05	2	5	4.2935e-07	4.3068e-07	2.80221e-07	3.9324e-07	2.27357e-07
1020	8160	1.6083e-05	1	5	3.54935e-07	3.44967e-07	2.33097e-07	3.10331e-07	1.8803e-07
1021	8168	1.3971e-05	1	5	3.00334e-07	2.95651e-07	1.9733e-07	2.66184e-07	1.57688e-07
1022	8176	1.3981e-05	1	5	2.96312e-07	2.94851e-07	1.92605e-07	2.62792e-07	1.54071e-07
1023	8184	1.2417e-05	1	5	2.61479e-07	2.60462e-07	1.68322e-07	2.28752e-07	1.37134e-07
1024	8192	1.0643e-05	1	5	2.17334e-07	2.1508e-07	1.41267e-07	1.89262e-07	1.14744e-07
1025	8200	1.0248e-05	2	5	2.03739e-07	2.09008e-07	1.34525e-07	1.91874e-07	1.07461e-07
1026	8208	1.1325e-05	1	5	2.25947e-07	2.24547e-07	1.64499e-07	2.20472e-07	1.21814e-07
1027	8216	1.0582e-05	1	5	2.05939e-07	2.05358e-07	1.53281e-07	2.03647e-07	1.12504e-07
1028	8224	1.0332e-05	1	5	1.98708e-07	1.97166e-07	1.47927e-07	1.96253e-07	1.09576e-07
1029	8232	1.0148e-05	1	5	2.01307e-07	2.00751e-07	1.45656e-07	1.93647e-07	1.11688e-07
1030	8240	1.0161e-05	1	5	2.1352e-07	2.05493e-07	1.47668e-07	1.89658e-07	1.14948e-07
1031	8248	9.3951e-06	1	5	1.93041e-07	1.85193e-07	1.36947e-07	1.75857e-07	1.0436e-07
1032	8256	9.6276e-06	1	5	1.95491e-07	1.83348e-07	1.42179e-07	1.77908e-07	1.0598e-07
1033	8264	8.7054e-06	1	5	1.71972e-07	1.62611e-07	1.26391e-07	1.59265e-07	9.4765e-08
1034	8272	8.3225e-06	1	5	1.63342e-07	1.55773e-07	1.16946e-07	1.49014e-07	8.79754e-08
1035	8280	6.7983e-06	1	5	1.29548e-07	1.26004e-07	9.28263e-08	1.2238e-07	6.9783e-08
1036	8288	5.8982e-06	1	5	1.10658e-07	1.06761e-07	8.16542e-08	1.06802e-07	5.95135e-08
1037	8296	5.4484e-06	1	5	1.00256e-07	9.5743e-08	7.73785e-08	1.00217e-07	5.41472e-08
1038	8304	6.8594e-06	4	5	1.27751e-07	1.24921e-07	9.67717e-08	1.30579e-07	6.89725e-08
1039	8312	6.5146e-06	1	5	1.25515e-07	1.2104e-07	9.10257e-08	1.21697e-07	6.79098e-08
1040	8320	7.1491e-06	1	5	1.33299e-07	1.30652e-07	9.69126e-08	1.31781e-07	7.21077e-08
1041	8328	7.1708e-06	4	5	1.31529e-07	1.29704e-07	9.82504e-08	1.35719e-07	7.03236e-08
1042	8336	7.1372e-06	4	5	1.27322e-07	1.29514e-07	9.66027e-08	1.37515e-07	6.76656e-08
1043	8344	6.9149e-06	4	5	1.20863e-07	1.27963e-07	9.18205e-08	1.36663e-07	6.3869e-08
1044	8352	6.8118e-06	4	5	1.16161e-07	1.24403e-07	8.99512e-08	1.34969e-07	6.2056e-08
1045	8360	6.7639e-06	4	5	1.13026e-07	1.23982e-07	8.89479e-08	1.38288e-07	5.96566e-08
1046	8368	6.4965e-06	4	5	1.0539e-07	1.15857e-07	8.33275e-08	1.29659e-07	5.54489e-08
1047	8376	5.2665e-06	4	5	8.37097e-08	9.29188e-08	6.6246e-08	1.04119e-07	4.41718e-08
1048	8384	5.2849e-06	4	5	8.27387e-08	9.00037e-08	6.58467e-08	1.00599e-07	4.46814e-08
1049	8392	5.0007e-06	4	5	7.58866e-08	8.26193e-08	6.06951e-08	9.22241e-08	4.106e-08
1050	8400	4.9003e-06	4	5	7.28584e-08	8.08856e-08	5.78645e-08	9.06869e-08	3.8949e-08
1051	8408	4.8550e-06	4	5	7.20163e-08	7.8741e-08	5.57913e-08	8.6745e-08	3.74984e-08
1052	8416	4.5797e-06	4	5	6.71092e-08	7.22079e-08	5.23397e-08	7.92551e-08	3.58749e-08
1053	8424	4.3013e-06	4	5	6.09789e-08	6.57159e-08	4.80459e-08	7.23824e-08	3.29276e-08
1054	8432	4.1001e-06	4	5	5.69719e-08	6.33559e-08	4.51578e-08	7.14697e-08	3.06249e-08
1055	8440	3.8648e-06	4	5	5.27907e-08	5.85394e-08	4.19534e-08	6.63385e-08	2.81637e-08
1056	8448	3.9423e-06	4	5	5.2494e-08	5.9803e-08	4.27101e-08	6.84874e-08	2.83316e-08
1057	8456	3.4338e-06	4	5	4.56493e-08	5.07462e-08	3.6994e-08	5.77163e-08	2.48352e-08
1058	8464	3.7844e-06	4	5	4.89645e-08	5.43069e-08	3.95557e-08	6.17948e-08	2.66449e-08
1059	8472	4.0346e-06	4	5	5.17834e-08	5.60116e-08	4.25098e-08	6.44893e-08	2.84825e-08
1061	8488	4.1198e-06	4	5	5.02802e-08	5.8384e-08	4.44364e-08	7.16688e-08	2.78908e-08
1064	8512	3.0730e-06	4	5	3.81123e-08	4.22631e-08	3.29017e-08	5.09482e-08	2.23392e-08
1068	8544	2.9826e-06	4	5	3.48235e-08	3.78913e-08	3.11409e-08	4.67675e-08	2.05116e-08
1073	8584	2.9200e-06	4	5	3.39891e-08	3.43268e-08	2.99818e-08	4.2782e-08	1.98801e-08
1079	8632	1.5545e-06	4	5	1.62422e-08	1.67067e-08	1.43334e-08	2.06626e-08	9.60258e-09
1086	8688	1.3303e-06	4	5	1.31039e-08	1.20668e-08	1.34016e-08	1.6759e-08	8.26078e-09
1094	8752	1.2519e-06	4	5	1.36309e-08	1.05617e-08	1.31652e-08	1.41634e-08	8.56426e-09
1103	8824	7.3759e-07	4	5	7.61552e-09	5.40843e-09	7.39863e-09	7.83303e-09	4.72432e-09
1113	8904	8.0824e-07	4	5	8.70598e-09	5.59787e-09	8.90352e-09	9.34284e-09	5.36281e-09
1124	8992	1.6571e-06	4	5	1.45358e-08	1.14163e-08	1.53108e-08	1.77284e-08	9.36383e-09
1136	9088	1.9708e-06	4	5	1.49037e-08	1.41769e-08	1.58643e-08	1.89453e-08	1.04283e-08
1149	9192	2.1124e-06	4	5	1.75152e-08	1.3669e-08	1.86959e-08	1.93827e-08	1.25242e-08
1163	9304	1.6653e-06	4	5	1.15216e-08	1.09426e-08	1.53923e-08	1.63942e-08	9.67375e-09
1178	9424	1.6570e-06	4	5	1.07432e-08	1.16748e-08	1.46709e-08	1.58976e-08	9.13826e-09
1194	9552	1.3717e-06	4	5	8.2298e-09	9.23938e-09	1.25929e-08	1.50073e-08	7.02442e-09
1211	9688	2.0739e-06	4	5	1.15359e-08	1.24519e-08	1.61493e-08	1.93254e-08	9.19909e-09
1229	9832	3.2584e-06	4	5	1.92938e-08	2.3134e-08	3.12511e-08	3.77987e-08	1.71919e-08
1248	9984	3.7285e-06	4	5	2.15617e-08	2.75846e-08	3.79748e-08	4.44464e-08	2.10014e-08
1268	10144	9.3266e-06	4	5	6.30085e-08	6.55422e-08	9.31999e-08	1.03603e-07	5.44938e-08
1289	10312	1.9162e-05	4	5	9.92773e-08	1.25021e-07	1.48596e-07	1.75048e-07	9.31591e-08
1311	10488	3.0873e-05	3	5	1.92053e-07	1.70781e-07	2.22507e-07	2.18701e-07	1.50637e-07
1334	10672	2.2141e-05	4	5	1.06172e-07	1.04025e-07	1.2727e-07	1.31282e-07	9.09391e-08
1358	10864	4.3143e-05	4	5	1.91374e-07	3.11632e-07	2.37673e-07	3.65194e-07	1.51309e-07
1383	11064	2.4367e-04	4	5	1.21027e-06	1.38334e-06	1.32635e-06	1.68757e-06	1.01651e-06
1409	11272	5.4677e-04	4	2	3.36135e-06	3.01226e-06	4.05289e-06	4.55981e-06	3.02516e-06
1436	11488	5.2621e-03	3	2	4.92861e-05	3.60898e-05	5.36753e-05	5.24329e-05	4.06007e-05
1464	11712	2.4998e-03	4	2	1.67342e-05	1.37146e-05	1.83154e-05	1.96136e-05	1.38122e-05
1493	11944	1.2646e-03	4	5	7.0767e-06	6.2031e-06	7.51524e-06	8.41644e-06	5.98482e-06
1523	12184	6.4463e-04	4	2	3.09402e-06	2.05051e-06	3.39505e-06	3.55958e-06	2.31669e-06
1554	12432	8.6376e-04	1	2	4.50741e-06	2.4375e-06	4.37806e-06	3.38699e-06	3.55476e-06
1586	12688	1.0366e-03	1	2	5.13386e-06	2.49623e-06	4.92632e-06	3.38779e-06	4.20641e-06
1619	12952	4.9773e-04	1	2	2.33108e-06	9.52337e-07	2.32657e-06	1.69498e-06	1.88383e-06
1653	13224	2.1106e-04	1	2	9.20964e-07	3.53699e-07	8.88694e-07	5.28716e-07	7.36151e-07
1688	13504	2.8733e-04	1	2	1.8086e-06	5.91256e-07	1.7499e-06	8.29155e-07	1.45137e-06
1724	13792	9.5938e-04	1	2	5.94004e-06	1.81061e-06	5.79839e-06	2.76141e-06	4.70126e-06
1761	14088	2.3775e-04	1	2	1.34227e-06	4.17249e-07	1.29996e-06	5.37532e-07	1.08052e-06
1799	14392	4.6294e-04	1	2	2.46259e-06	6.94827e-07	2.44023e-06	1.23097e-06	1.92313e-06
1838	14704	5.0535e-04	1	2	2.66933e-06	8.26976e-07	2.58491e-06	1.32499e-06	2.02639e-06
1878	15024	1.7410e-04	1	2	8.7956e-07	2.86901e-07	8.45218e-07	4.19042e-07	6.67261e-07
1919	15352	4.9555e-04	1	2	2.8816e-06	9.1408e-07	2.7821e-06	1.32077e-06	2.21432e-06
1961	15688	2.2095e-04	1	2	1.55614e-06	4.78518e-07	1.49605e-06	7.25521e-07	1.17362e-06
2004	16032	2.7469e-04	1	2	1.47577e-06	4.52017e-07	1.41038e-06	7.26119e-07	1.08271e-06
2048	16384	1.8180e-03	1	2	1.28165e-05	4.02143e-06	1.21448e-05	6.27449e-06	9.28405e-06
2093	16744	6.3886e-04	1	2	2.5841e-06	8.00504e-07	2.46419e-06	1.25906e-06	1.89486e-06
2139	17112	2.3499e-04	1	2	7.58588e-07	2.42943e-07	7.19943e-07	3.51991e-07	5.61072e-07
2158	17264	2.3957e-04	1	2	7.99632e-07	2.54401e-07	7.58807e-07	3.62487e-07	5.95668e-07
2205	17640	1.2431e-04	1	2	3.74645e-07	1.13603e-07	3.60328e-07	1.68883e-07	2.8537e-07
2253	18024	2.1028e-04	1	2	7.56989e-07	2.20565e-07	7.36647e-07	3.3274e-07	5.90314e-07
2302	18416	3.8346e-04	1	2	1.39836e-06	4.01475e-07	1.36689e-06	5.99459e-07	1.10409e-06
2352	18816	5.4306e-04	1	2	1.40384e-06	4.05407e-07	1.36598e-06	6.16435e-07	1.09397e-06
