% # iter+eval+sigma+0+0+xmean (randomSeed=1653795566, Mon Aug 27 08:38:42 2018)
0	0	3.0000e-01	0	0	0.5	0.5	0.5	0.5	0.5
1	8	2.7447e-01	0	0	0.603081	0.399462	0.342823	0.687894	0.655394
2	16	2.5876e-01	0	0	0.785621	0.496213	0.307211	0.794422	0.67076
3	24	2.5514e-01	0	0	0.748111	0.306866	0.395059	0.734836	0.92498
4	32	2.5991e-01	0	0	0.750991	0.130697	0.202921	0.880284	0.92384
5	40	2.9313e-01	0	0	0.849258	-0.0434391	0.0271062	0.908601	1.13666
6	48	3.2223e-01	0	0	1.06092	0.000656451	-0.237116	1.02035	1.07501
7	56	3.0544e-01	0	0	1.2082	-0.0151106	-0.125771	1.02501	1.09709
8	64	2.9208e-01	0	0	1.34833	0.0209409	-0.260529	1.12424	1.06131
9	72	2.8529e-01	0	0	1.50013	-0.0317851	-0.331216	1.24957	1.23939
10	80	2.5494e-01	0	0	1.27304	-0.129849	-0.405763	1.06567	1.09988
11	88	2.6755e-01	0	0	0.881684	0.0444196	-0.104175	0.902194	1.03794
12	96	2.3735e-01	0	0	1.20819	0.0157747	-0.0851872	0.918227	1.11035
13	104	2.2436e-01	0	0	1.04222	0.111939	-0.00502239	1.08761	1.10749
14	112	2.0344e-01	0	0	1.11143	-0.0988221	-0.0977709	1.14093	1.16734
15	120	1.9772e-01	0	0	0.84432	-0.03812	-0.0386073	1.02879	1.17601
16	128	1.8840e-01	0	0	1.12888	-0.129	-0.0466594	0.94471	1.1317
17	136	1.7802e-01	0	0	0.916055	-0.109248	0.111224	0.942045	1.16037
18	144	1.5908e-01	0	0	0.877349	-0.151026	0.0912799	1.03271	1.12827
19	152	1.5053e-01	0	0	0.710538	-0.0940432	0.178834	0.946003	1.07494
20	160	1.3688e-01	0	0	0.713202	-0.0846558	0.205183	1.03137	1.14371
21	168	1.4623e-01	0	0	0.669693	-0.0268481	0.278777	0.822942	1.07593
22	176	1.5191e-01	0	0	0.701949	-0.168361	0.235505	0.793346	1.15322
23	184	1.3537e-01	0	0	0.790891	-0.125722	0.186572	0.784005	1.11409
24	192	1.2354e-01	0	0	0.67175	-0.0315032	0.215678	0.800321	1.13469
25	200	1.0148e-01	0	0	0.775587	-0.08397	0.190534	0.791617	1.12968
26	208	8.9352e-02	0	0	0.786515	-0.0411724	0.222573	0.817043	1.13311
27	216	8.6675e-02	0	0	0.778277	-0.0864803	0.271242	0.763661	1.13346
28	224	8.9948e-02	0	0	0.779646	-0.0511958	0.313475	0.83627	1.1488
29	232	7.7633e-02	0	0	0.768118	-0.018087	0.265852	0.798157	1.14585
30	240	7.6232e-02	0	0	0.762732	-0.0128299	0.328689	0.776319	1.10397
31	248	6.1628e-02	0	0	0.780528	-0.0225048	0.309199	0.786087	1.12344
32	256	5.0634e-02	0	0	0.782606	-0.00636825	0.296928	0.798008	1.1235
33	264	4.7596e-02	0	0	0.785129	-0.0370021	0.280468	0.780513	1.10516
34	272	4.6003e-02	0	0	0.784149	-0.00830726	0.279879	0.753878	1.11774
35	280	4.0988e-02	0	0	0.766145	-0.00889758	0.278281	0.755456	1.10575
36	288	4.2426e-02	0	0	0.750828	-0.0384001	0.263385	0.768621	1.11717
37	296	4.2620e-02	0	0	0.764306	-0.0348633	0.253069	0.777952	1.09376
38	304	3.5463e-02	0	0	0.774788	-0.0368927	0.258407	0.784694	1.10849
39	312	3.5009e-02	0	0	0.757098	-0.0481591	0.240049	0.788929	1.11036
40	320	3.3657e-02	0	0	0.741068	-0.0466286	0.243263	0.791472	1.10277
41	328	3.2247e-02	0	0	0.757919	-0.0572672	0.224907	0.78271	1.10087
42	336	2.8268e-02	0	0	0.754284	-0.0610479	0.239612	0.791096	1.09812
43	344	2.4622e-02	0	0	0.749299	-0.0472777	0.247451	0.777708	1.09765
44	352	2.3625e-02	0	0	0.757415	-0.0399567	0.246667	0.768413	1.09967
45	360	2.0861e-02	0	0	0.755915	-0.052114	0.248572	0.778427	1.09301
46	368	1.8889e-02	0	0	0.765161	-0.0470528	0.245347	0.78384	1.10116
47	376	1.5253e-02	0	0	0.759445	-0.0512704	0.246014	0.784713	1.09877
48	384	1.4914e-02	0	0	0.766867	-0.0529174	0.239129	0.78115	1.09388
49	392	1.3547e-02	0	0	0.760243	-0.0516935	0.24663	0.785925	1.1014
50	400	1.1540e-02	0	0	0.758224	-0.0500042	0.246838	0.787763	1.09975
51	408	1.0108e-02	0	0	0.758536	-0.0488525	0.24767	0.782439	1.1015
52	416	1.0196e-02	0	0	0.763545	-0.0512313	0.245393	0.778145	1.10202
53	424	9.6735e-03	0	0	0.760791	-0.0556661	0.24484	0.780301	1.10207
54	432	8.7082e-03	0	0	0.763933	-0.0530135	0.246835	0.77802	1.10289
55	440	8.2695e-03	0	0	0.763573	-0.0489808	0.24876	0.777745	1.10053
56	448	7.5428e-03	0	0	0.760865	-0.0507439	0.247977	0.781519	1.09942
57	456	6.3162e-03	0	0	0.762137	-0.0510386	0.247686	0.780863	1.10232
58	464	5.4837e-03	0	0	0.762604	-0.0526241	0.246125	0.782131	1.10159
59	472	5.4073e-03	0	0	0.761896	-0.0487358	0.248012	0.782457	1.10094
60	480	4.9258e-03	0	0	0.760694	-0.0482657	0.248363	0.781525	1.10069
61	488	3.9259e-03	0	0	0.761664	-0.0492179	0.247734	0.781146	1.10045
62	496	3.8526e-03	0	0	0.760217	-0.0490811	0.248021	0.78095	1.09891
63	504	3.5221e-03	0	0	0.760668	-0.0499275	0.248819	0.781951	1.09944
64	512	3.2956e-03	0	0	0.760985	-0.0503175	0.248789	0.780372	1.10018
65	520	3.1616e-03	0	0	0.760967	-0.050616	0.249649	0.780529	1.10031
66	528	2.7527e-03	0	0	0.760882	-0.0496578	0.248838	0.781526	1.09967
67	536	2.5393e-03	0	0	0.760363	-0.049552	0.248215	0.781485	1.09977
68	544	2.2582e-03	0	0	0.760403	-0.0502011	0.248426	0.780913	1.09927
69	552	2.1214e-03	0	0	0.761299	-0.0502498	0.24818	0.78113	1.10022
70	560	1.8986e-03	0	0	0.761561	-0.0502547	0.248516	0.780846	1.09999
71	568	1.6703e-03	0	0	0.761315	-0.0502284	0.248831	0.780569	1.10015
72	576	1.3525e-03	0	0	0.761093	-0.049981	0.248725	0.780853	1.09992
73	584	1.2560e-03	0	0	0.761275	-0.0498362	0.248911	0.781198	1.0999
74	592	1.3330e-03	0	0	0.761308	-0.0502293	0.249235	0.781456	1.10012
75	600	1.2748e-03	0	0	0.76136	-0.0501929	0.249323	0.781467	1.09987
76	608	1.0972e-03	0	0	0.761619	-0.0501453	0.248999	0.781435	1.10002
77	616	9.5565e-04	0	0	0.761721	-0.0503456	0.249039	0.781355	1.10001
78	624	1.1296e-03	0	0	0.761745	-0.050334	0.248913	0.780833	1.0996
79	632	1.1786e-03	0	0	0.761617	-0.0499136	0.249204	0.780713	1.09993
80	640	1.0390e-03	0	0	0.761584	-0.0502404	0.249017	0.780692	1.09993
81	648	9.4595e-04	0	0	0.761648	-0.0499721	0.248966	0.780721	1.09968
82	656	7.9871e-04	0	0	0.761732	-0.0502224	0.248906	0.780866	1.09989
83	664	6.7622e-04	0	0	0.761547	-0.050205	0.248896	0.780804	1.09988
84	672	6.0507e-04	0	0	0.761574	-0.0503427	0.249015	0.780815	1.09986
85	680	5.1498e-04	0	0	0.761505	-0.0502767	0.249059	0.780884	1.09986
86	688	4.8071e-04	0	0	0.761487	-0.0504139	0.249046	0.780913	1.0998
87	696	4.3625e-04	0	0	0.761557	-0.0504119	0.249098	0.780882	1.09993
88	704	4.0400e-04	0	0	0.761516	-0.0503304	0.249001	0.780976	1.09993
89	712	3.6139e-04	0	0	0.761602	-0.0503028	0.24903	0.780985	1.09996
90	720	3.7564e-04	0	0	0.761615	-0.0502093	0.249145	0.780962	1.09998
91	728	4.1362e-04	0	0	0.761579	-0.0501711	0.249245	0.781033	1.10004
92	736	4.6290e-04	0	0	0.761695	-0.050056	0.249298	0.781003	1.10002
93	744	4.9125e-04	0	0	0.761452	-0.0500267	0.249223	0.780973	1.0999
94	752	5.1733e-04	0	0	0.761467	-0.0499687	0.249194	0.781164	1.09992
95	760	4.8724e-04	0	0	0.76143	-0.050015	0.24915	0.781062	1.10001
96	768	4.5069e-04	0	0	0.761595	-0.0499764	0.249148	0.781065	1.10006
97	776	4.1836e-04	0	0	0.761491	-0.0499796	0.249069	0.781146	1.10002
98	784	3.7542e-04	0	0	0.76145	-0.0499998	0.249143	0.781001	1.10001
99	792	3.4547e-04	0	0	0.761491	-0.0499655	0.249217	0.781032	1.10008
100	800	3.4470e-04	0	0	0.761436	-0.0498489	0.249173	0.781021	1.10001
101	808	3.6696e-04	0	0	0.76138	-0.0497921	0.24915	0.78107	1.10007
102	816	3.9047e-04	0	0	0.761492	-0.0499147	0.249058	0.78109	1.10014
103	824	3.9825e-04	0	0	0.761456	-0.0500202	0.249011	0.781122	1.1001
104	832	4.0848e-04	0	0	0.761492	-0.050144	0.249036	0.781022	1.10005
105	840	3.7951e-04	0	0	0.761543	-0.0501627	0.249014	0.780993	1.10009
106	848	4.3974e-04	0	0	0.761402	-0.0502695	0.248955	0.781043	1.10012
107	856	4.4665e-04	0	0	0.761391	-0.0500921	0.248898	0.781141	1.10005
108	864	4.2434e-04	0	0	0.761438	-0.0502647	0.248851	0.781079	1.10004
109	872	3.6875e-04	0	0	0.761394	-0.050272	0.24888	0.781123	1.10006
110	880	3.5119e-04	0	0	0.761422	-0.0502795	0.248917	0.78104	1.10013
111	888	3.2226e-04	0	0	0.761482	-0.0503038	0.248941	0.78111	1.10012
112	896	3.3404e-04	0	0	0.761469	-0.0504487	0.248935	0.781062	1.10012
113	904	3.2084e-04	0	0	0.761407	-0.0504285	0.248883	0.781151	1.1001
114	912	3.5452e-04	0	0	0.76142	-0.050452	0.248939	0.781243	1.10016
115	920	3.4373e-04	0	0	0.761418	-0.050529	0.248919	0.78123	1.10014
116	928	3.1037e-04	0	0	0.761478	-0.0504802	0.248977	0.78114	1.10013
117	936	2.8436e-04	0	0	0.761494	-0.0504465	0.249014	0.781135	1.10017
118	944	2.5614e-04	0	0	0.761476	-0.0504549	0.249023	0.781102	1.10018
119	952	2.9914e-04	0	0	0.761452	-0.050554	0.248987	0.78098	1.10018
120	960	3.0722e-04	0	0	0.761447	-0.0505323	0.248973	0.780945	1.10017
121	968	2.4559e-04	0	0	0.761466	-0.0504803	0.248969	0.781046	1.10016
122	976	2.1874e-04	0	0	0.7615	-0.05052	0.248963	0.781069	1.10018
123	984	2.0072e-04	0	0	0.761483	-0.0504603	0.248944	0.781093	1.10019
124	992	1.7610e-04	0	0	0.761491	-0.0505086	0.248979	0.78109	1.1002
125	1000	1.4538e-04	0	0	0.7615	-0.0505175	0.248969	0.781086	1.1002
126	1008	1.4239e-04	0	0	0.761514	-0.0504598	0.248975	0.781133	1.1002
127	1016	1.3205e-04	0	0	0.761525	-0.0504835	0.24898	0.781094	1.10022
128	1024	1.3997e-04	0	0	0.761541	-0.0505189	0.249012	0.78107	1.10021
129	1032	1.4344e-04	0	0	0.761514	-0.0505494	0.249012	0.781045	1.1002
130	1040	1.4615e-04	0	0	0.761486	-0.0505599	0.249013	0.781071	1.10021
131	1048	1.4666e-04	0	0	0.761518	-0.0505281	0.24904	0.781097	1.10023
132	1056	1.5166e-04	0	0	0.761502	-0.0505135	0.249012	0.781082	1.10025
133	1064	1.4743e-04	0	0	0.761522	-0.0504846	0.24899	0.781102	1.10024
134	1072	1.4022e-04	0	0	0.761517	-0.0504718	0.248986	0.781141	1.10023
135	1080	1.2918e-04	0	0	0.761524	-0.050468	0.249002	0.781159	1.10024
136	1088	1.1026e-04	0	0	0.761534	-0.0504714	0.249009	0.781139	1.10023
137	1096	9.9347e-05	0	0	0.761509	-0.0504856	0.249001	0.781151	1.10023
138	1104	9.9816e-05	0	0	0.761516	-0.0505226	0.249013	0.781118	1.10024
139	1112	9.3071e-05	0	0	0.761508	-0.0505111	0.249006	0.781124	1.10025
140	1120	9.2738e-05	0	0	0.761508	-0.0505164	0.249014	0.781106	1.10026
141	1128	1.1041e-04	0	0	0.761536	-0.0505218	0.249031	0.781077	1.10027
142	1136	1.1785e-04	0	0	0.761542	-0.0504982	0.249028	0.781076	1.10027
143	1144	1.3206e-04	0	0	0.76156	-0.0504846	0.249023	0.781056	1.10027
144	1152	1.3537e-04	0	0	0.761561	-0.0504895	0.249016	0.781035	1.10027
145	1160	1.3294e-04	0	0	0.76157	-0.0504693	0.249003	0.781064	1.10028
146	1168	1.2323e-04	0	0	0.761584	-0.0505059	0.249021	0.781044	1.10028
147	1176	1.2475e-04	0	0	0.761594	-0.0505193	0.249036	0.781049	1.1003
148	1184	1.1637e-04	0	0	0.761599	-0.0505046	0.249039	0.781066	1.10029
149	1192	1.0273e-04	0	0	0.761609	-0.0505058	0.249039	0.78105	1.10029
150	1200	8.9984e-05	0	0	0.761592	-0.0505099	0.249022	0.781068	1.10028
151	1208	7.8904e-05	0	0	0.761593	-0.0504898	0.249026	0.78108	1.10028
152	1216	8.1006e-05	0	0	0.761584	-0.0504786	0.249023	0.78107	1.10027
153	1224	8.6460e-05	0	0	0.761602	-0.0504822	0.249023	0.781046	1.10027
154	1232	7.9114e-05	0	0	0.761602	-0.0504943	0.249035	0.781038	1.10027
155	1240	8.1910e-05	0	0	0.761584	-0.0504906	0.249042	0.781048	1.10027
156	1248	7.8285e-05	0	0	0.761587	-0.0504862	0.249044	0.781061	1.10028
157	1256	7.2994e-05	0	0	0.761589	-0.0504774	0.24904	0.781064	1.10028
158	1264	6.8642e-05	0	0	0.761589	-0.0504654	0.249036	0.781064	1.10028
159	1272	7.5141e-05	0	0	0.761586	-0.0504455	0.249033	0.781064	1.10028
160	1280	8.3379e-05	0	0	0.76159	-0.0504455	0.249047	0.781054	1.10029
161	1288	9.3221e-05	0	0	0.761589	-0.0504328	0.249053	0.781058	1.1003
162	1296	8.7253e-05	0	0	0.761595	-0.0504264	0.249052	0.781055	1.10029
163	1304	8.2962e-05	0	0	0.761602	-0.0504147	0.249051	0.781051	1.10029
164	1312	8.9376e-05	0	0	0.761594	-0.0503996	0.249046	0.781091	1.10029
165	1320	8.3719e-05	0	0	0.761594	-0.0504071	0.24905	0.781094	1.10029
166	1328	7.4447e-05	0	0	0.761591	-0.0504081	0.249044	0.7811	1.10029
167	1336	7.5088e-05	0	0	0.761587	-0.0504133	0.249044	0.781082	1.1003
168	1344	7.2076e-05	0	0	0.761594	-0.0504308	0.249054	0.781071	1.1003
169	1352	6.6300e-05	0	0	0.761592	-0.0504299	0.249046	0.781074	1.10029
170	1360	5.9341e-05	0	0	0.761601	-0.0504294	0.249053	0.781066	1.10029
171	1368	5.2616e-05	0	0	0.761599	-0.0504275	0.249054	0.781079	1.10029
172	1376	5.6698e-05	0	0	0.761589	-0.050431	0.249044	0.781095	1.10029
173	1384	5.2791e-05	0	0	0.761587	-0.0504344	0.249048	0.78109	1.10029
174	1392	5.5859e-05	0	0	0.761588	-0.050446	0.249045	0.781087	1.1003
175	1400	5.8793e-05	0	0	0.761598	-0.0504417	0.249048	0.781089	1.1003
176	1408	5.3507e-05	0	0	0.7616	-0.0504458	0.249048	0.781076	1.1003
177	1416	4.6223e-05	0	0	0.761591	-0.0504415	0.249047	0.78109	1.1003
178	1424	4.1184e-05	0	0	0.761594	-0.0504345	0.249048	0.781088	1.1003
179	1432	3.4186e-05	0	0	0.761597	-0.0504372	0.249047	0.781083	1.1003
180	1440	3.4113e-05	0	0	0.7616	-0.0504373	0.24905	0.781081	1.1003
181	1448	2.9986e-05	0	0	0.7616	-0.0504342	0.24905	0.781084	1.1003
182	1456	2.5658e-05	0	0	0.761596	-0.0504365	0.24905	0.781084	1.1003
183	1464	3.0182e-05	0	0	0.761592	-0.0504297	0.24905	0.781097	1.1003
184	1472	3.3528e-05	0	0	0.761588	-0.0504291	0.249048	0.781104	1.1003
185	1480	3.0318e-05	0	0	0.76159	-0.0504308	0.24905	0.781098	1.1003
186	1488	3.0837e-05	0	0	0.761586	-0.050433	0.24905	0.781094	1.1003
187	1496	3.1238e-05	0	0	0.761584	-0.0504365	0.24905	0.781102	1.1003
188	1504	2.5830e-05	0	0	0.761586	-0.0504359	0.24905	0.781099	1.1003
189	1512	2.6009e-05	0	0	0.761581	-0.0504376	0.24905	0.781103	1.1003
190	1520	2.6057e-05	0	0	0.76158	-0.0504369	0.249051	0.781104	1.1003
191	1528	2.5687e-05	0	0	0.76158	-0.0504343	0.24905	0.78111	1.10031
192	1536	2.3949e-05	0	0	0.761581	-0.0504342	0.249048	0.781104	1.1003
193	1544	2.5562e-05	0	0	0.761583	-0.0504265	0.249049	0.781106	1.1003
194	1552	2.5029e-05	0	0	0.761583	-0.050425	0.249049	0.78111	1.1003
195	1560	2.3199e-05	0	0	0.761587	-0.0504278	0.249049	0.781104	1.1003
196	1568	2.0815e-05	0	0	0.761586	-0.0504286	0.249049	0.781107	1.1003
197	1576	2.0025e-05	0	0	0.761588	-0.050428	0.249048	0.781103	1.1003
198	1584	1.9662e-05	0	0	0.76159	-0.0504297	0.249047	0.781102	1.1003
199	1592	1.8041e-05	0	0	0.761589	-0.0504284	0.249047	0.781104	1.1003
200	1600	1.6284e-05	0	0	0.761587	-0.0504278	0.249047	0.781107	1.1003
201	1608	1.5840e-05	0	0	0.761589	-0.0504288	0.249046	0.781108	1.1003
202	1616	1.5320e-05	0	0	0.761588	-0.0504295	0.249047	0.781107	1.1003
203	1624	1.5964e-05	0	0	0.761589	-0.0504286	0.249047	0.781108	1.1003
204	1632	1.5664e-05	0	0	0.761589	-0.0504293	0.249046	0.781106	1.1003
205	1640	1.4617e-05	0	0	0.761587	-0.0504279	0.249047	0.781107	1.1003
206	1648	1.4154e-05	0	0	0.761587	-0.0504269	0.249046	0.781105	1.1003
207	1656	1.2257e-05	0	0	0.761586	-0.0504277	0.249046	0.781108	1.1003
208	1664	1.2754e-05	0	0	0.761584	-0.0504283	0.249046	0.781108	1.1003
209	1672	1.3079e-05	0	0	0.761585	-0.0504307	0.249045	0.781108	1.1003
210	1680	1.4410e-05	0	0	0.761589	-0.0504307	0.249045	0.781103	1.1003
211	1688	1.4484e-05	0	0	0.761589	-0.0504308	0.249044	0.781102	1.1003
212	1696	1.3447e-05	0	0	0.761588	-0.0504298	0.249045	0.781106	1.10029
213	1704	1.3246e-05	0	0	0.761589	-0.0504307	0.249044	0.781105	1.1003
214	1712	1.2405e-05	0	0	0.761589	-0.0504295	0.249044	0.781106	1.1003
215	1720	1.1003e-05	0	0	0.761589	-0.0504306	0.249044	0.781104	1.1003
216	1728	1.1276e-05	0	0	0.76159	-0.050432	0.249043	0.781103	1.1003
217	1736	1.2175e-05	0	0	0.761592	-0.0504315	0.249044	0.781103	1.1003
218	1744	1.1433e-05	0	0	0.761592	-0.0504332	0.249043	0.781101	1.1003
219	1752	1.1911e-05	0	0	0.761593	-0.0504353	0.249043	0.7811	1.1003
220	1760	1.5715e-05	0	0	0.761593	-0.0504395	0.249043	0.781097	1.1003
221	1768	1.7307e-05	0	0	0.761593	-0.0504408	0.249043	0.781096	1.1003
222	1776	1.9065e-05	0	0	0.761591	-0.0504401	0.249042	0.781102	1.1003
223	1784	1.6970e-05	0	0	0.761592	-0.0504394	0.249042	0.781101	1.1003
224	1792	1.6675e-05	0	0	0.761591	-0.0504409	0.249042	0.7811	1.1003
225	1800	1.5587e-05	0	0	0.761594	-0.0504419	0.249043	0.781095	1.1003
226	1808	1.4511e-05	0	0	0.761593	-0.0504422	0.249042	0.781096	1.1003
227	1816	1.4578e-05	0	0	0.761594	-0.0504429	0.249041	0.781097	1.10029
228	1824	1.2653e-05	0	0	0.761595	-0.0504417	0.249042	0.781096	1.10029
229	1832	1.2384e-05	0	0	0.761594	-0.050439	0.249043	0.781097	1.1003
230	1840	1.3323e-05	0	0	0.761593	-0.050438	0.249044	0.781098	1.1003
231	1848	1.1445e-05	0	0	0.761594	-0.0504399	0.249042	0.781096	1.1003
232	1856	1.1839e-05	0	0	0.761594	-0.05044	0.249042	0.781094	1.10029
233	1864	1.2961e-05	0	0	0.761595	-0.0504427	0.249041	0.781091	1.10029
234	1872	1.1991e-05	0	0	0.761595	-0.0504406	0.249041	0.781093	1.10029
235	1880	1.0812e-05	0	0	0.761596	-0.0504411	0.249041	0.781091	1.10029
236	1888	1.1097e-05	0	0	0.761594	-0.0504409	0.249041	0.781092	1.10029
237	1896	1.0327e-05	0	0	0.761594	-0.0504406	0.249041	0.781092	1.10029
238	1904	1.1849e-05	0	0	0.761594	-0.0504416	0.249042	0.781091	1.10029
239	1912	1.2314e-05	0	0	0.761594	-0.0504432	0.249042	0.781091	1.10029
240	1920	1.5383e-05	0	0	0.761592	-0.0504446	0.249042	0.781094	1.10029
241	1928	1.5231e-05	0	0	0.761592	-0.050444	0.249041	0.781095	1.10029
242	1936	1.4542e-05	0	0	0.761591	-0.0504434	0.249042	0.781096	1.10029
243	1944	1.5487e-05	0	0	0.761592	-0.0504441	0.249044	0.781094	1.10029
244	1952	1.9569e-05	0	0	0.761594	-0.0504467	0.249043	0.781092	1.10029
245	1960	2.4105e-05	0	0	0.761595	-0.0504454	0.249045	0.781095	1.10029
246	1968	2.2694e-05	0	0	0.761595	-0.0504435	0.249044	0.781095	1.10029
247	1976	2.2149e-05	0	0	0.761593	-0.0504484	0.249044	0.781096	1.10029
248	1984	2.1657e-05	0	0	0.761592	-0.0504496	0.249044	0.781098	1.10029
249	1992	1.8365e-05	0	0	0.761592	-0.0504496	0.249043	0.781096	1.10029
250	2000	1.8766e-05	0	0	0.761591	-0.0504494	0.249043	0.781099	1.1003
251	2008	1.8529e-05	0	0	0.761592	-0.0504517	0.249042	0.781096	1.1003
252	2016	2.1495e-05	0	0	0.761594	-0.0504493	0.24904	0.781093	1.10029
253	2024	2.6102e-05	0	0	0.761597	-0.0504474	0.24904	0.78109	1.1003
254	2032	2.7326e-05	0	0	0.761598	-0.0504461	0.249043	0.781091	1.1003
255	2040	2.6777e-05	0	0	0.761598	-0.0504475	0.249042	0.781093	1.1003
256	2048	2.6908e-05	0	0	0.761594	-0.0504503	0.249041	0.781098	1.1003
257	2056	2.5172e-05	0	0	0.761597	-0.0504481	0.249041	0.781097	1.1003
258	2064	2.1602e-05	0	0	0.761595	-0.0504473	0.249042	0.781097	1.1003
259	2072	1.9665e-05	0	0	0.761596	-0.0504487	0.249042	0.781095	1.1003
260	2080	2.2538e-05	0	0	0.761593	-0.0504452	0.249045	0.781097	1.1003
261	2088	2.7501e-05	0	0	0.761592	-0.0504407	0.249047	0.7811	1.1003
262	2096	2.8654e-05	0	0	0.761593	-0.0504394	0.249047	0.781097	1.1003
263	2104	2.9980e-05	0	0	0.761598	-0.0504428	0.249045	0.781093	1.1003
264	2112	2.4789e-05	0	0	0.761596	-0.0504414	0.249046	0.781094	1.1003
265	2120	2.2822e-05	0	0	0.761594	-0.0504403	0.249046	0.781097	1.1003
266	2128	2.1294e-05	0	0	0.761593	-0.0504403	0.249046	0.7811	1.1003
267	2136	2.0153e-05	0	0	0.761592	-0.05044	0.249045	0.781102	1.1003
268	2144	2.1015e-05	0	0	0.761591	-0.0504406	0.249048	0.781103	1.1003
269	2152	1.8911e-05	0	0	0.76159	-0.0504396	0.249048	0.781103	1.1003
270	2160	1.5664e-05	0	0	0.761592	-0.0504405	0.249046	0.781101	1.1003
271	2168	1.5547e-05	0	0	0.761591	-0.0504409	0.249047	0.7811	1.1003
272	2176	1.3206e-05	0	0	0.761591	-0.0504412	0.249047	0.781101	1.1003
273	2184	1.1795e-05	0	0	0.761591	-0.0504409	0.249046	0.781102	1.1003
274	2192	1.0523e-05	0	0	0.761591	-0.0504401	0.249047	0.781101	1.1003
275	2200	1.1112e-05	0	0	0.761589	-0.0504392	0.249048	0.781103	1.1003
276	2208	1.2170e-05	0	0	0.761588	-0.0504384	0.249049	0.781104	1.1003
277	2216	1.3219e-05	0	0	0.761588	-0.0504392	0.249048	0.781103	1.1003
278	2224	1.4252e-05	0	0	0.761589	-0.0504378	0.24905	0.781102	1.1003
279	2232	1.5120e-05	0	0	0.76159	-0.0504393	0.24905	0.781102	1.1003
280	2240	1.5986e-05	0	0	0.761592	-0.0504398	0.249048	0.781101	1.1003
281	2248	1.6720e-05	0	0	0.761593	-0.0504395	0.249048	0.781099	1.1003
282	2256	1.7113e-05	0	0	0.761594	-0.0504401	0.249048	0.7811	1.1003
283	2264	1.7373e-05	0	0	0.761595	-0.0504406	0.249049	0.781098	1.1003
284	2272	2.1337e-05	0	0	0.761597	-0.0504424	0.249049	0.781095	1.1003
285	2280	2.3966e-05	0	0	0.761595	-0.0504417	0.24905	0.781096	1.1003
286	2288	2.9366e-05	0	0	0.761598	-0.0504422	0.249052	0.781094	1.1003
287	2296	3.6545e-05	0	0	0.761606	-0.0504442	0.24905	0.781086	1.10029
288	2304	3.6681e-05	0	0	0.761604	-0.0504441	0.249051	0.781086	1.1003
289	2312	3.7718e-05	0	0	0.761608	-0.0504453	0.249046	0.781085	1.1003
290	2320	3.3878e-05	0	0	0.761606	-0.0504447	0.249046	0.781088	1.10029
291	2328	3.6904e-05	0	0	0.761608	-0.0504394	0.249048	0.781085	1.10029
292	2336	3.9231e-05	0	0	0.761608	-0.050438	0.249048	0.781083	1.10029
293	2344	3.8114e-05	0	0	0.761604	-0.050441	0.249052	0.781089	1.10029
294	2352	4.0160e-05	0	0	0.761603	-0.0504406	0.249055	0.781091	1.10029
295	2360	4.3512e-05	0	0	0.761598	-0.0504408	0.249055	0.78109	1.10029
296	2368	3.8163e-05	0	0	0.761603	-0.0504429	0.249053	0.781087	1.10029
297	2376	3.5784e-05	0	0	0.761604	-0.050439	0.249053	0.781085	1.10029
298	2384	3.4528e-05	0	0	0.7616	-0.0504349	0.249054	0.78109	1.10029
299	2392	3.4416e-05	0	0	0.7616	-0.0504385	0.24905	0.781092	1.10029
300	2400	3.8283e-05	0	0	0.7616	-0.0504402	0.249048	0.781093	1.10029
301	2408	4.7211e-05	0	0	0.761604	-0.0504434	0.249045	0.781086	1.1003
302	2416	4.8529e-05	0	0	0.761599	-0.0504488	0.249046	0.781091	1.10029
303	2424	5.2082e-05	0	0	0.761597	-0.050454	0.249047	0.78109	1.10029
304	2432	5.4122e-05	0	0	0.761596	-0.0504517	0.249052	0.781087	1.10029
305	2440	5.7101e-05	0	0	0.761596	-0.0504457	0.249057	0.781089	1.10029
306	2448	6.0630e-05	0	0	0.761592	-0.0504413	0.249062	0.781088	1.10029
307	2456	5.0745e-05	0	0	0.761591	-0.0504463	0.249056	0.78109	1.10029
308	2464	5.0203e-05	0	0	0.761583	-0.0504442	0.249059	0.781098	1.10029
309	2472	5.9144e-05	0	0	0.761577	-0.0504515	0.249063	0.781105	1.1003
310	2480	5.4510e-05	0	0	0.761579	-0.0504493	0.249059	0.781099	1.10029
311	2488	5.1679e-05	0	0	0.761573	-0.0504487	0.249061	0.781107	1.10029
312	2496	4.6069e-05	0	0	0.761578	-0.0504461	0.249057	0.781101	1.10029
313	2504	4.8212e-05	0	0	0.761585	-0.0504477	0.249062	0.781093	1.10029
314	2512	4.6840e-05	0	0	0.76158	-0.0504464	0.249065	0.781096	1.10029
315	2520	4.1375e-05	0	0	0.761583	-0.0504519	0.249061	0.781093	1.10029
316	2528	3.7194e-05	0	0	0.761586	-0.0504505	0.249057	0.781092	1.10029
317	2536	3.3266e-05	0	0	0.761582	-0.0504522	0.249057	0.781097	1.10029
318	2544	2.8314e-05	0	0	0.761582	-0.050451	0.249058	0.781098	1.10029
319	2552	2.9145e-05	0	0	0.761577	-0.050454	0.249059	0.781103	1.10029
320	2560	2.9586e-05	0	0	0.761575	-0.0504557	0.249061	0.781104	1.10029
321	2568	2.7306e-05	0	0	0.761577	-0.0504551	0.249059	0.781102	1.10029
322	2576	2.8363e-05	0	0	0.761576	-0.0504573	0.249056	0.781102	1.10029
323	2584	3.1493e-05	0	0	0.761572	-0.0504609	0.249056	0.781107	1.10029
324	2592	3.5260e-05	0	0	0.761578	-0.0504572	0.249056	0.781103	1.10029
325	2600	4.0045e-05	0	0	0.761573	-0.0504568	0.249056	0.781107	1.10029
326	2608	4.1698e-05	0	0	0.761564	-0.0504585	0.249061	0.781115	1.10029
327	2616	3.8542e-05	0	0	0.761564	-0.0504607	0.24906	0.781114	1.10029
328	2624	3.6397e-05	0	0	0.761562	-0.0504604	0.249059	0.781118	1.10029
329	2632	3.1773e-05	0	0	0.761564	-0.0504615	0.249058	0.781116	1.10029
330	2640	2.9739e-05	0	0	0.761559	-0.0504609	0.249059	0.781121	1.10029
331	2648	2.7824e-05	0	0	0.761561	-0.0504584	0.249061	0.781117	1.10029
332	2656	2.7747e-05	0	0	0.761561	-0.0504573	0.249061	0.781116	1.10029
333	2664	2.8667e-05	0	0	0.761558	-0.0504582	0.249061	0.781117	1.10029
334	2672	2.9107e-05	0	0	0.761558	-0.0504571	0.249062	0.781115	1.10029
335	2680	3.0444e-05	0	0	0.76156	-0.0504542	0.249061	0.781113	1.10029
336	2688	2.8896e-05	0	0	0.761559	-0.050455	0.249061	0.781114	1.10029
337	2696	2.6318e-05	0	0	0.761558	-0.0504551	0.24906	0.781116	1.10029
338	2704	2.4018e-05	0	0	0.76156	-0.0504544	0.249062	0.781113	1.10029
339	2712	2.0349e-05	0	0	0.761561	-0.0504545	0.249062	0.781112	1.10029
340	2720	2.2412e-05	0	0	0.761561	-0.0504558	0.249061	0.781113	1.10029
341	2728	2.0581e-05	0	0	0.761562	-0.0504565	0.24906	0.781113	1.10029
342	2736	1.9619e-05	0	0	0.761561	-0.0504563	0.249061	0.781114	1.10029
343	2744	1.8957e-05	0	0	0.761561	-0.0504555	0.24906	0.781113	1.10029
344	2752	1.6130e-05	0	0	0.761562	-0.0504565	0.24906	0.781113	1.10029
345	2760	1.5219e-05	0	0	0.761561	-0.0504567	0.249059	0.781113	1.10029
346	2768	1.6619e-05	0	0	0.761558	-0.0504558	0.249061	0.781116	1.10029
347	2776	2.0316e-05	0	0	0.761555	-0.0504548	0.249062	0.781118	1.10029
348	2784	1.7184e-05	0	0	0.761557	-0.0504556	0.249061	0.781116	1.10029
349	2792	1.7946e-05	0	0	0.761555	-0.0504555	0.249061	0.781118	1.10029
350	2800	2.0378e-05	0	0	0.761556	-0.0504551	0.249061	0.781116	1.10029
351	2808	2.0324e-05	0	0	0.761556	-0.0504538	0.249061	0.781115	1.10029
352	2816	1.9574e-05	0	0	0.761552	-0.0504535	0.249062	0.781119	1.10029
353	2824	1.6928e-05	0	0	0.761553	-0.0504534	0.249062	0.781118	1.10029
354	2832	1.8624e-05	0	0	0.761551	-0.0504548	0.249061	0.781121	1.10029
355	2840	2.0195e-05	0	0	0.761549	-0.0504562	0.249061	0.781123	1.10029
356	2848	2.4015e-05	0	0	0.761545	-0.0504565	0.249062	0.781125	1.10029
357	2856	2.5097e-05	0	0	0.761545	-0.050458	0.249061	0.781126	1.10029
358	2864	2.3544e-05	0	0	0.761547	-0.0504566	0.249061	0.781123	1.10029
359	2872	2.3352e-05	0	0	0.76155	-0.0504567	0.24906	0.781121	1.10029
360	2880	2.2453e-05	0	0	0.761547	-0.0504557	0.24906	0.781124	1.10029
361	2888	2.0945e-05	0	0	0.761547	-0.0504574	0.249059	0.781125	1.10029
362	2896	1.8239e-05	0	0	0.761545	-0.0504568	0.24906	0.781126	1.10029
363	2904	1.8212e-05	0	0	0.761543	-0.0504581	0.249061	0.781128	1.10029
364	2912	2.0130e-05	0	0	0.761545	-0.0504582	0.249062	0.781126	1.10029
365	2920	2.1442e-05	0	0	0.761545	-0.0504588	0.249062	0.781126	1.1003
366	2928	1.9499e-05	0	0	0.761542	-0.0504588	0.249062	0.781128	1.1003
367	2936	2.0612e-05	0	0	0.761542	-0.05046	0.249061	0.781127	1.1003
368	2944	2.0077e-05	0	0	0.761548	-0.0504589	0.24906	0.781123	1.10029
369	2952	1.9714e-05	0	0	0.761545	-0.0504587	0.249062	0.781124	1.1003
370	2960	2.0130e-05	0	0	0.76155	-0.0504575	0.249061	0.78112	1.10029
371	2968	2.0727e-05	0	0	0.761551	-0.0504562	0.249061	0.781118	1.10029
372	2976	2.0992e-05	0	0	0.76155	-0.0504577	0.24906	0.781122	1.10029
373	2984	2.0903e-05	0	0	0.761552	-0.0504557	0.24906	0.781119	1.10029
374	2992	2.2907e-05	0	0	0.761553	-0.0504563	0.24906	0.78112	1.10029
375	3000	2.0332e-05	0	0	0.761552	-0.0504572	0.24906	0.781119	1.10029
376	3008	1.9053e-05	0	0	0.761554	-0.0504576	0.249059	0.781118	1.10029
377	3016	2.0012e-05	0	0	0.761551	-0.0504585	0.24906	0.78112	1.10029
378	3024	1.8851e-05	0	0	0.761554	-0.0504571	0.249059	0.781118	1.10029
379	3032	2.0499e-05	0	0	0.761555	-0.0504562	0.249059	0.781115	1.10029
380	3040	2.7203e-05	0	0	0.761558	-0.0504534	0.249059	0.781111	1.10029
381	3048	2.9022e-05	0	0	0.761559	-0.0504534	0.249059	0.78111	1.10029
382	3056	2.6892e-05	0	0	0.761558	-0.0504555	0.249058	0.781113	1.10029
383	3064	2.9239e-05	0	0	0.76156	-0.0504569	0.249057	0.781111	1.10029
384	3072	2.8910e-05	0	0	0.76156	-0.0504571	0.249056	0.78111	1.10029
385	3080	3.2279e-05	0	0	0.761562	-0.0504586	0.249054	0.781109	1.10028
386	3088	2.6494e-05	0	0	0.761559	-0.0504586	0.249056	0.781111	1.10029
387	3096	2.3650e-05	0	0	0.76156	-0.0504586	0.249056	0.781113	1.10029
388	3104	2.3308e-05	0	0	0.761562	-0.0504583	0.249055	0.781111	1.10028
389	3112	2.2313e-05	0	0	0.761563	-0.0504582	0.249054	0.781111	1.10028
390	3120	2.2763e-05	0	0	0.761565	-0.0504564	0.249053	0.781109	1.10028
391	3128	2.2955e-05	0	0	0.761567	-0.0504552	0.249053	0.781108	1.10028
392	3136	2.2060e-05	0	0	0.761567	-0.0504545	0.249053	0.781107	1.10028
393	3144	2.1980e-05	0	0	0.761567	-0.050454	0.249053	0.781107	1.10028
394	3152	1.8719e-05	0	0	0.761568	-0.0504536	0.249053	0.781106	1.10028
395	3160	1.8240e-05	0	0	0.761567	-0.0504557	0.249052	0.781107	1.10028
396	3168	1.7716e-05	0	0	0.761568	-0.0504551	0.249052	0.781107	1.10028
397	3176	1.9797e-05	0	0	0.761568	-0.0504554	0.249052	0.781109	1.10028
398	3184	1.6298e-05	0	0	0.761569	-0.0504549	0.249052	0.781107	1.10028
399	3192	1.5454e-05	0	0	0.761568	-0.0504541	0.249052	0.781106	1.10028
400	3200	1.5623e-05	0	0	0.761568	-0.0504544	0.249051	0.781106	1.10028
401	3208	1.6501e-05	0	0	0.761568	-0.0504557	0.249051	0.781107	1.10028
402	3216	1.5484e-05	0	0	0.761568	-0.0504564	0.249051	0.781107	1.10028
403	3224	1.5598e-05	0	0	0.761567	-0.0504574	0.249051	0.781108	1.10028
404	3232	1.7179e-05	0	0	0.761566	-0.0504582	0.249052	0.781109	1.10028
405	3240	1.5925e-05	0	0	0.761566	-0.0504583	0.249051	0.78111	1.10028
406	3248	1.5788e-05	0	0	0.761565	-0.0504594	0.249051	0.78111	1.10028
407	3256	1.2862e-05	0	0	0.761566	-0.0504581	0.249051	0.78111	1.10028
408	3264	1.2848e-05	0	0	0.761568	-0.0504587	0.249051	0.781109	1.10028
409	3272	1.1505e-05	0	0	0.761566	-0.0504589	0.249051	0.78111	1.10028
410	3280	1.1942e-05	0	0	0.761567	-0.0504591	0.24905	0.78111	1.10028
411	3288	1.2535e-05	0	0	0.761568	-0.0504583	0.24905	0.781109	1.10028
412	3296	1.1139e-05	0	0	0.761568	-0.0504588	0.24905	0.78111	1.10028
413	3304	1.2261e-05	0	0	0.761568	-0.0504583	0.249049	0.78111	1.10028
414	3312	1.3482e-05	0	0	0.761569	-0.0504569	0.249049	0.781109	1.10028
415	3320	1.5119e-05	0	0	0.761569	-0.0504557	0.24905	0.781109	1.10028
416	3328	1.4347e-05	0	0	0.76157	-0.0504555	0.24905	0.781107	1.10028
417	3336	1.5356e-05	0	0	0.76157	-0.0504539	0.24905	0.781107	1.10028
418	3344	1.4285e-05	0	0	0.761571	-0.0504552	0.249049	0.781106	1.10028
419	3352	1.3503e-05	0	0	0.761571	-0.0504545	0.249049	0.781106	1.10028
420	3360	1.6018e-05	0	0	0.761573	-0.0504528	0.249049	0.781104	1.10028
421	3368	1.6551e-05	0	0	0.761574	-0.0504533	0.249048	0.781105	1.10028
422	3376	1.6542e-05	0	0	0.761574	-0.0504536	0.249048	0.781105	1.10028
423	3384	1.6012e-05	0	0	0.761573	-0.0504531	0.249048	0.781106	1.10028
424	3392	1.8131e-05	0	0	0.761572	-0.0504554	0.249048	0.781108	1.10028
425	3400	1.8865e-05	0	0	0.761571	-0.0504537	0.249048	0.781108	1.10028
426	3408	1.8464e-05	0	0	0.761571	-0.0504547	0.249049	0.781109	1.10028
427	3416	1.8309e-05	0	0	0.761571	-0.050454	0.249048	0.78111	1.10028
428	3424	1.7766e-05	0	0	0.761572	-0.0504526	0.249048	0.781109	1.10028
429	3432	1.5925e-05	0	0	0.761571	-0.0504532	0.249048	0.781109	1.10028
430	3440	1.5772e-05	0	0	0.761573	-0.0504529	0.249048	0.781109	1.10028
431	3448	1.7489e-05	0	0	0.761573	-0.0504534	0.249048	0.78111	1.10028
432	3456	1.8743e-05	0	0	0.76157	-0.0504547	0.249048	0.781113	1.10028
433	3464	1.8812e-05	0	0	0.76157	-0.0504558	0.249048	0.781114	1.10028
434	3472	1.6861e-05	0	0	0.76157	-0.0504545	0.249048	0.781112	1.10028
435	3480	1.7356e-05	0	0	0.76157	-0.0504533	0.249048	0.781111	1.10028
436	3488	1.8448e-05	0	0	0.761572	-0.0504518	0.249048	0.781108	1.10028
437	3496	2.0616e-05	0	0	0.761572	-0.0504514	0.249048	0.781107	1.10028
438	3504	2.1205e-05	0	0	0.76157	-0.0504515	0.249049	0.781108	1.10028
439	3512	1.8988e-05	0	0	0.76157	-0.0504534	0.249049	0.781111	1.10028
440	3520	2.1585e-05	0	0	0.761569	-0.0504559	0.249049	0.781113	1.10028
441	3528	2.2226e-05	0	0	0.761566	-0.0504554	0.24905	0.781114	1.10028
442	3536	2.0533e-05	0	0	0.761567	-0.0504563	0.249049	0.781113	1.10028
443	3544	2.1532e-05	0	0	0.761565	-0.0504564	0.24905	0.781114	1.10028
444	3552	1.9215e-05	0	0	0.761565	-0.0504565	0.24905	0.781114	1.10028
445	3560	1.8350e-05	0	0	0.761568	-0.0504554	0.24905	0.781111	1.10028
446	3568	1.7265e-05	0	0	0.761565	-0.0504562	0.24905	0.781112	1.10028
447	3576	1.7883e-05	0	0	0.761565	-0.0504574	0.249051	0.781113	1.10028
448	3584	1.8013e-05	0	0	0.761566	-0.0504565	0.249051	0.781112	1.10028
449	3592	1.6219e-05	0	0	0.761566	-0.0504554	0.249051	0.78111	1.10028
450	3600	1.8267e-05	0	0	0.761569	-0.0504533	0.24905	0.781108	1.10028
451	3608	1.9322e-05	0	0	0.761569	-0.050453	0.24905	0.781107	1.10028
452	3616	2.4514e-05	0	0	0.761567	-0.0504526	0.249049	0.78111	1.10028
453	3624	3.0093e-05	0	0	0.761568	-0.0504531	0.249048	0.781109	1.10028
454	3632	3.2586e-05	0	0	0.761569	-0.0504526	0.249047	0.781108	1.10028
455	3640	3.3771e-05	0	0	0.76157	-0.05045	0.249047	0.781104	1.10027
456	3648	3.3756e-05	0	0	0.761572	-0.0504503	0.249047	0.781103	1.10027
457	3656	3.9903e-05	0	0	0.761576	-0.0504503	0.249045	0.781101	1.10027
458	3664	3.4732e-05	0	0	0.761574	-0.0504484	0.249046	0.7811	1.10027
459	3672	3.5525e-05	0	0	0.761573	-0.0504512	0.249046	0.781101	1.10027
460	3680	3.5587e-05	0	0	0.761574	-0.0504498	0.249045	0.781098	1.10027
461	3688	3.5985e-05	0	0	0.761576	-0.0504507	0.249045	0.781098	1.10027
462	3696	3.9014e-05	0	0	0.761581	-0.0504478	0.249043	0.781093	1.10027
463	3704	3.7119e-05	0	0	0.76158	-0.0504488	0.249044	0.781093	1.10027
464	3712	3.4071e-05	0	0	0.761578	-0.0504508	0.249044	0.781095	1.10027
465	3720	3.0594e-05	0	0	0.76158	-0.0504481	0.249043	0.781093	1.10027
466	3728	3.0796e-05	0	0	0.761575	-0.0504522	0.249044	0.7811	1.10027
467	3736	3.1284e-05	0	0	0.761575	-0.0504513	0.249043	0.781098	1.10027
468	3744	3.1878e-05	0	0	0.761575	-0.0504506	0.249043	0.781099	1.10027
469	3752	3.2226e-05	0	0	0.761572	-0.050452	0.249043	0.781103	1.10027
470	3760	3.2863e-05	0	0	0.76157	-0.0504524	0.249044	0.781104	1.10027
471	3768	3.1203e-05	0	0	0.761573	-0.0504513	0.249042	0.781103	1.10027
472	3776	3.2233e-05	0	0	0.761575	-0.0504499	0.249043	0.781101	1.10027
473	3784	3.2924e-05	0	0	0.761574	-0.0504496	0.249043	0.781102	1.10027
474	3792	3.3337e-05	0	0	0.761573	-0.0504512	0.249044	0.781102	1.10027
475	3800	3.2140e-05	0	0	0.761571	-0.0504534	0.249045	0.781104	1.10027
476	3808	3.1486e-05	0	0	0.761573	-0.050453	0.249045	0.781102	1.10027
477	3816	2.6915e-05	0	0	0.761572	-0.0504527	0.249045	0.781104	1.10027
478	3824	2.8119e-05	0	0	0.761574	-0.0504522	0.249044	0.781104	1.10027
479	3832	3.1511e-05	0	0	0.761575	-0.0504536	0.249044	0.781104	1.10027
480	3840	3.1689e-05	0	0	0.761574	-0.0504545	0.249043	0.781106	1.10027
481	3848	3.6073e-05	0	0	0.761574	-0.0504568	0.249043	0.781109	1.10027
482	3856	3.5256e-05	0	0	0.761576	-0.0504557	0.249042	0.781107	1.10027
483	3864	3.7762e-05	0	0	0.761572	-0.0504576	0.249043	0.781113	1.10028
484	3872	3.8489e-05	0	0	0.761569	-0.05046	0.249044	0.781116	1.10028
485	3880	3.8489e-05	0	0	0.761568	-0.0504624	0.249044	0.781117	1.10028
486	3888	4.0419e-05	0	0	0.761567	-0.0504641	0.249044	0.78112	1.10028
487	3896	3.9525e-05	0	0	0.761563	-0.0504648	0.249046	0.781122	1.10028
488	3904	3.7699e-05	0	0	0.761562	-0.0504657	0.249045	0.781125	1.10028
489	3912	3.9614e-05	0	0	0.76156	-0.0504676	0.249047	0.781127	1.10028
490	3920	4.2695e-05	0	0	0.761557	-0.050468	0.249048	0.781128	1.10029
491	3928	4.8708e-05	0	0	0.761556	-0.0504683	0.24905	0.781126	1.10029
492	3936	4.7744e-05	0	0	0.761557	-0.0504691	0.24905	0.781125	1.10029
493	3944	5.2564e-05	0	0	0.761557	-0.0504708	0.24905	0.781124	1.10029
494	3952	5.0555e-05	0	0	0.761559	-0.0504712	0.24905	0.781125	1.10029
495	3960	5.8120e-05	0	0	0.761564	-0.0504699	0.249049	0.781118	1.10028
496	3968	6.2600e-05	0	0	0.761563	-0.0504726	0.24905	0.781121	1.10028
497	3976	7.8111e-05	0	0	0.761561	-0.0504762	0.249049	0.781126	1.10028
498	3984	9.0715e-05	0	0	0.761563	-0.050481	0.249049	0.781126	1.10028
499	3992	9.5619e-05	0	0	0.76156	-0.0504829	0.249048	0.78113	1.10028
500	4000	1.0238e-04	0	0	0.761562	-0.0504793	0.249048	0.781126	1.10028
501	4008	1.0886e-04	0	0	0.761553	-0.050482	0.249051	0.781136	1.10028
502	4016	1.0460e-04	0	0	0.76155	-0.0504842	0.24905	0.78114	1.10028
503	4024	9.0686e-05	0	0	0.761552	-0.0504819	0.249052	0.781135	1.10029
504	4032	9.0114e-05	0	0	0.761563	-0.0504769	0.249051	0.781125	1.10028
505	4040	9.0468e-05	0	0	0.761559	-0.0504809	0.249053	0.78113	1.10029
506	4048	9.1843e-05	0	0	0.761555	-0.0504785	0.249055	0.781132	1.10029
507	4056	8.5109e-05	0	0	0.761559	-0.0504779	0.249052	0.781132	1.10028
508	4064	1.0419e-04	0	0	0.761564	-0.050474	0.249053	0.781132	1.10028
509	4072	1.1810e-04	0	0	0.761576	-0.0504677	0.249046	0.781123	1.10028
510	4080	1.1175e-04	0	0	0.761576	-0.0504641	0.249048	0.781117	1.10028
511	4088	1.2032e-04	0	0	0.761584	-0.0504559	0.249045	0.781113	1.10027
512	4096	1.1172e-04	0	0	0.761578	-0.0504652	0.249045	0.781124	1.10028
513	4104	1.0320e-04	0	0	0.761582	-0.0504613	0.249043	0.78112	1.10027
514	4112	1.1281e-04	0	0	0.761596	-0.0504468	0.24904	0.781105	1.10026
515	4120	1.0853e-04	0	0	0.761583	-0.0504592	0.249048	0.781114	1.10027
516	4128	1.1477e-04	0	0	0.761586	-0.0504529	0.24905	0.781104	1.10027
517	4136	1.1192e-04	0	0	0.761578	-0.0504612	0.249053	0.781113	1.10028
518	4144	1.1645e-04	0	0	0.761571	-0.0504675	0.249058	0.781116	1.10028
519	4152	1.4400e-04	0	0	0.761575	-0.0504762	0.249058	0.781118	1.10028
520	4160	1.4554e-04	0	0	0.761565	-0.0504851	0.249058	0.781134	1.10029
521	4168	1.5889e-04	0	0	0.761575	-0.0504849	0.249055	0.781132	1.10029
522	4176	1.4528e-04	0	0	0.761574	-0.0504847	0.249058	0.781124	1.10029
523	4184	1.6401e-04	0	0	0.761574	-0.0504929	0.249064	0.781119	1.10029
524	4192	1.5104e-04	0	0	0.761567	-0.0504934	0.249066	0.781124	1.10029
525	4200	1.5057e-04	0	0	0.761592	-0.050473	0.249053	0.781106	1.10028
526	4208	1.3963e-04	0	0	0.761592	-0.0504743	0.249057	0.781099	1.10028
527	4216	1.3371e-04	0	0	0.761603	-0.0504626	0.249049	0.781093	1.10027
528	4224	1.3612e-04	0	0	0.761599	-0.0504601	0.249046	0.781101	1.10027
529	4232	1.3552e-04	0	0	0.761594	-0.0504626	0.249045	0.78111	1.10027
530	4240	1.2717e-04	0	0	0.761604	-0.0504547	0.249042	0.7811	1.10026
531	4248	1.0935e-04	0	0	0.761605	-0.0504535	0.249042	0.781097	1.10026
532	4256	1.1484e-04	0	0	0.761616	-0.0504429	0.249036	0.781085	1.10025
533	4264	1.2548e-04	0	0	0.761621	-0.0504477	0.249039	0.781078	1.10025
534	4272	1.1778e-04	0	0	0.761614	-0.0504564	0.249044	0.781086	1.10026
535	4280	1.2207e-04	0	0	0.761617	-0.0504531	0.249047	0.781077	1.10025
536	4288	1.1861e-04	0	0	0.761623	-0.050449	0.249046	0.781073	1.10025
537	4296	1.3457e-04	0	0	0.761619	-0.0504451	0.24905	0.781069	1.10026
538	4304	1.3095e-04	0	0	0.761618	-0.0504467	0.24905	0.781066	1.10025
539	4312	1.4249e-04	0	0	0.761608	-0.0504523	0.249055	0.781068	1.10026
540	4320	1.7435e-04	0	0	0.761593	-0.050458	0.249062	0.781074	1.10027
541	4328	1.8950e-04	0	0	0.761599	-0.0504538	0.249063	0.781061	1.10027
542	4336	2.5265e-04	0	0	0.761629	-0.0504148	0.249053	0.781027	1.10024
543	4344	2.4854e-04	0	0	0.761639	-0.0504137	0.249048	0.781027	1.10024
544	4352	2.3928e-04	0	0	0.761633	-0.050424	0.249037	0.781054	1.10024
545	4360	2.2243e-04	0	0	0.761618	-0.0504248	0.249042	0.781061	1.10025
546	4368	2.5959e-04	0	0	0.761652	-0.0503853	0.249022	0.781039	1.10022
547	4376	2.6351e-04	0	0	0.761649	-0.0503798	0.249031	0.781028	1.10022
548	4384	2.4447e-04	0	0	0.761661	-0.0503784	0.24902	0.781035	1.10022
549	4392	2.4602e-04	0	0	0.761683	-0.0503585	0.249006	0.781026	1.1002
550	4400	2.3307e-04	0	0	0.761666	-0.0503788	0.249012	0.781049	1.10022
551	4408	2.0926e-04	0	0	0.761679	-0.0503729	0.249011	0.781031	1.10021
552	4416	1.9760e-04	0	0	0.761664	-0.0503959	0.249022	0.78104	1.10022
553	4424	2.0813e-04	0	0	0.761666	-0.0503892	0.249016	0.781052	1.10022
554	4432	1.8439e-04	0	0	0.761666	-0.0503875	0.249013	0.781049	1.10021
555	4440	1.7034e-04	0	0	0.761655	-0.0503988	0.249024	0.781047	1.10022
556	4448	1.6939e-04	0	0	0.761663	-0.0503945	0.249017	0.781045	1.10021
557	4456	1.9635e-04	0	0	0.761658	-0.0504016	0.249032	0.781025	1.10022
558	4464	2.2652e-04	0	0	0.761649	-0.0504154	0.24904	0.781028	1.10023
559	4472	2.6024e-04	0	0	0.761661	-0.0504056	0.249036	0.781022	1.10022
560	4480	2.5756e-04	0	0	0.761671	-0.0504103	0.249025	0.781033	1.10021
561	4488	2.4452e-04	0	0	0.76166	-0.0503918	0.249029	0.781028	1.10022
562	4496	2.4065e-04	0	0	0.761662	-0.0503876	0.249037	0.781009	1.10022
563	4504	2.4437e-04	0	0	0.761666	-0.0503727	0.249028	0.781019	1.10021
564	4512	2.6551e-04	0	0	0.76167	-0.0503825	0.249044	0.780994	1.10022
565	4520	2.4771e-04	0	0	0.761653	-0.0503969	0.249054	0.780999	1.10023
566	4528	2.7760e-04	0	0	0.761646	-0.0503753	0.249043	0.781016	1.10022
567	4536	3.0359e-04	0	0	0.761629	-0.050387	0.249047	0.781034	1.10023
568	4544	3.2148e-04	0	0	0.761616	-0.0503868	0.249054	0.781043	1.10024
569	4552	3.0367e-04	0	0	0.761624	-0.0503865	0.249037	0.781064	1.10024
570	4560	3.1942e-04	0	0	0.761617	-0.050401	0.249027	0.781094	1.10024
571	4568	3.0101e-04	0	0	0.761628	-0.0503989	0.249023	0.781082	1.10023
572	4576	2.8159e-04	0	0	0.761637	-0.0503909	0.249018	0.781071	1.10022
573	4584	2.2789e-04	0	0	0.761636	-0.0503889	0.249019	0.781072	1.10023
574	4592	2.0160e-04	0	0	0.761636	-0.0503921	0.24903	0.781057	1.10023
575	4600	1.9199e-04	0	0	0.76164	-0.0503814	0.249032	0.781041	1.10022
576	4608	1.8001e-04	0	0	0.761634	-0.0503901	0.249021	0.781073	1.10023
577	4616	1.7337e-04	0	0	0.761635	-0.0503859	0.249014	0.781084	1.10022
578	4624	1.6177e-04	0	0	0.761634	-0.0503848	0.249015	0.781083	1.10022
579	4632	1.5264e-04	0	0	0.761629	-0.0503851	0.249022	0.781072	1.10023
580	4640	1.3306e-04	0	0	0.761632	-0.0503871	0.249024	0.781067	1.10023
581	4648	1.3664e-04	0	0	0.761633	-0.050382	0.24903	0.78105	1.10022
582	4656	1.4939e-04	0	0	0.761633	-0.0503829	0.249034	0.78104	1.10022
583	4664	1.6617e-04	0	0	0.761625	-0.050381	0.249038	0.781037	1.10023
584	4672	1.6682e-04	0	0	0.761633	-0.0503812	0.249045	0.78102	1.10023
585	4680	1.5080e-04	0	0	0.761629	-0.0503778	0.249045	0.781021	1.10023
586	4688	1.3595e-04	0	0	0.761627	-0.0503807	0.24905	0.781015	1.10023
587	4696	1.2401e-04	0	0	0.761629	-0.0503812	0.249049	0.781017	1.10023
588	4704	1.3821e-04	0	0	0.761634	-0.0503847	0.249045	0.781022	1.10023
589	4712	1.2440e-04	0	0	0.761631	-0.050381	0.249045	0.781025	1.10023
590	4720	1.1781e-04	0	0	0.761629	-0.0503797	0.249052	0.78101	1.10023
591	4728	1.0720e-04	0	0	0.761626	-0.0503782	0.249051	0.781017	1.10023
592	4736	1.0368e-04	0	0	0.761623	-0.0503801	0.249057	0.781007	1.10023
593	4744	1.1774e-04	0	0	0.761623	-0.0503748	0.249057	0.781001	1.10023
594	4752	1.0932e-04	0	0	0.761626	-0.0503722	0.249053	0.781004	1.10023
595	4760	1.0127e-04	0	0	0.761627	-0.050372	0.24905	0.781008	1.10023
596	4768	8.7974e-05	0	0	0.761629	-0.0503716	0.249048	0.78101	1.10023
597	4776	8.7093e-05	0	0	0.761632	-0.0503698	0.249046	0.781009	1.10022
598	4784	9.0214e-05	0	0	0.76163	-0.0503674	0.249049	0.781005	1.10022
599	4792	9.2613e-05	0	0	0.761627	-0.0503729	0.249051	0.781008	1.10023
600	4800	7.9936e-05	0	0	0.761628	-0.0503736	0.249049	0.781011	1.10023
601	4808	8.5736e-05	0	0	0.761623	-0.0503789	0.249052	0.781013	1.10023
602	4816	9.8829e-05	0	0	0.761618	-0.0503815	0.249052	0.781021	1.10023
603	4824	1.0072e-04	0	0	0.761616	-0.0503813	0.249052	0.781023	1.10023
604	4832	1.0293e-04	0	0	0.761618	-0.0503784	0.249048	0.781029	1.10023
605	4840	1.0399e-04	0	0	0.76162	-0.0503783	0.249048	0.78103	1.10023
606	4848	1.1427e-04	0	0	0.761619	-0.050379	0.249047	0.781036	1.10023
607	4856	1.5012e-04	0	0	0.761614	-0.0503768	0.24905	0.781037	1.10024
608	4864	1.7749e-04	0	0	0.761618	-0.0503798	0.249048	0.781042	1.10024
609	4872	2.2331e-04	0	0	0.76161	-0.0503856	0.249054	0.781048	1.10024
610	4880	2.1011e-04	0	0	0.761616	-0.0503844	0.249048	0.781049	1.10024
611	4888	1.8944e-04	0	0	0.761614	-0.050388	0.249055	0.781035	1.10024
612	4896	1.6030e-04	0	0	0.761614	-0.0503831	0.24905	0.781043	1.10024
613	4904	1.5396e-04	0	0	0.761619	-0.0503876	0.249047	0.781046	1.10024
614	4912	1.5701e-04	0	0	0.761626	-0.0503853	0.249041	0.781046	1.10023
615	4920	1.6577e-04	0	0	0.761628	-0.0503873	0.249036	0.781056	1.10023
616	4928	1.5743e-04	0	0	0.761627	-0.05039	0.24904	0.781049	1.10023
617	4936	1.5641e-04	0	0	0.761629	-0.0503926	0.24904	0.781047	1.10023
618	4944	1.5397e-04	0	0	0.761628	-0.050394	0.249034	0.781063	1.10023
619	4952	1.4304e-04	0	0	0.761623	-0.0503941	0.249036	0.781065	1.10023
620	4960	1.4811e-04	0	0	0.761619	-0.0503951	0.249033	0.781076	1.10024
621	4968	1.4081e-04	0	0	0.761626	-0.0503931	0.249028	0.781076	1.10023
622	4976	1.2732e-04	0	0	0.761623	-0.0503969	0.24903	0.781077	1.10023
623	4984	1.1047e-04	0	0	0.761627	-0.0503956	0.24903	0.781071	1.10023
624	4992	1.1494e-04	0	0	0.761633	-0.0503956	0.249027	0.781069	1.10023
625	5000	1.2323e-04	0	0	0.761636	-0.0503922	0.24902	0.781079	1.10022
626	5008	1.1612e-04	0	0	0.761636	-0.0503917	0.249026	0.781064	1.10022
627	5016	1.1374e-04	0	0	0.761631	-0.0503929	0.249032	0.781058	1.10023
628	5024	1.0231e-04	0	0	0.761634	-0.0503896	0.249027	0.781063	1.10022
629	5032	1.1117e-04	0	0	0.76163	-0.0503883	0.249032	0.781055	1.10023
630	5040	1.0079e-04	0	0	0.761634	-0.0503879	0.249028	0.78106	1.10022
631	5048	1.0005e-04	0	0	0.761635	-0.0503891	0.249029	0.781061	1.10022
632	5056	9.4665e-05	0	0	0.761631	-0.0503899	0.24903	0.781064	1.10023
633	5064	8.4465e-05	0	0	0.761629	-0.05039	0.249031	0.781063	1.10023
634	5072	7.9742e-05	0	0	0.761627	-0.0503903	0.249034	0.78106	1.10023
635	5080	6.9180e-05	0	0	0.76163	-0.0503894	0.249031	0.781061	1.10023
636	5088	6.9228e-05	0	0	0.761632	-0.0503895	0.249027	0.781065	1.10022
637	5096	7.8156e-05	0	0	0.761636	-0.0503888	0.249022	0.781073	1.10022
638	5104	8.6828e-05	0	0	0.761637	-0.0503873	0.249021	0.781073	1.10022
639	5112	1.0212e-04	0	0	0.76164	-0.0503867	0.249019	0.781076	1.10022
640	5120	1.1019e-04	0	0	0.761638	-0.0503853	0.24902	0.781077	1.10022
641	5128	1.0899e-04	0	0	0.761639	-0.0503827	0.24902	0.781072	1.10022
642	5136	9.1705e-05	0	0	0.761636	-0.0503844	0.249024	0.781069	1.10022
643	5144	8.1883e-05	0	0	0.761634	-0.0503863	0.249027	0.781064	1.10022
644	5152	9.3771e-05	0	0	0.761632	-0.0503869	0.249029	0.781062	1.10022
645	5160	9.7968e-05	0	0	0.761633	-0.0503882	0.249028	0.781063	1.10022
646	5168	9.3522e-05	0	0	0.761633	-0.0503901	0.249028	0.781065	1.10022
647	5176	1.0198e-04	0	0	0.761631	-0.0503921	0.249028	0.781065	1.10022
648	5184	1.1721e-04	0	0	0.761631	-0.0503939	0.249032	0.781058	1.10022
649	5192	1.1962e-04	0	0	0.761634	-0.0503921	0.249031	0.781054	1.10022
650	5200	1.2602e-04	0	0	0.761635	-0.0503958	0.249026	0.781067	1.10022
651	5208	1.2913e-04	0	0	0.761634	-0.0503975	0.24903	0.781059	1.10022
652	5216	1.2086e-04	0	0	0.761631	-0.0503963	0.249034	0.781053	1.10022
653	5224	1.0837e-04	0	0	0.761629	-0.0503944	0.249036	0.781052	1.10023
654	5232	9.8458e-05	0	0	0.761627	-0.0503973	0.249036	0.781056	1.10023
655	5240	1.0033e-04	0	0	0.761627	-0.0503966	0.249038	0.781054	1.10023
656	5248	1.1246e-04	0	0	0.761622	-0.0503968	0.24904	0.781056	1.10023
657	5256	1.0497e-04	0	0	0.761622	-0.0503959	0.249043	0.781047	1.10023
658	5264	1.0843e-04	0	0	0.761624	-0.0503939	0.249042	0.781048	1.10023
659	5272	1.1539e-04	0	0	0.761625	-0.0503912	0.249043	0.781043	1.10023
660	5280	1.0673e-04	0	0	0.761625	-0.0503909	0.249044	0.781042	1.10023
661	5288	1.0983e-04	0	0	0.761625	-0.0503889	0.249046	0.781036	1.10023
662	5296	1.3866e-04	0	0	0.761626	-0.0503828	0.249045	0.781035	1.10023
663	5304	1.3629e-04	0	0	0.761627	-0.0503829	0.249043	0.781038	1.10023
664	5312	1.3415e-04	0	0	0.761629	-0.0503837	0.24904	0.781041	1.10023
665	5320	1.2815e-04	0	0	0.761629	-0.050383	0.249037	0.78105	1.10023
666	5328	1.3350e-04	0	0	0.761624	-0.050388	0.249038	0.781053	1.10023
667	5336	1.1978e-04	0	0	0.761625	-0.0503865	0.24904	0.781048	1.10023
668	5344	1.0952e-04	0	0	0.761627	-0.0503868	0.249037	0.781052	1.10023
669	5352	1.0522e-04	0	0	0.761629	-0.0503869	0.249035	0.781055	1.10023
670	5360	9.7425e-05	0	0	0.761628	-0.050387	0.249036	0.781055	1.10023
671	5368	9.3413e-05	0	0	0.761629	-0.0503875	0.249035	0.781057	1.10023
672	5376	8.9673e-05	0	0	0.761629	-0.0503875	0.249033	0.78106	1.10023
673	5384	7.8219e-05	0	0	0.76163	-0.0503866	0.249034	0.781055	1.10023
674	5392	6.5735e-05	0	0	0.761629	-0.0503865	0.249035	0.781057	1.10023
675	5400	6.5240e-05	0	0	0.76163	-0.0503867	0.249034	0.781059	1.10023
676	5408	7.3058e-05	0	0	0.761627	-0.0503875	0.249035	0.781061	1.10023
677	5416	6.8150e-05	0	0	0.761626	-0.0503883	0.249036	0.781058	1.10023
678	5424	6.8899e-05	0	0	0.761628	-0.0503887	0.249033	0.781064	1.10023
679	5432	6.0266e-05	0	0	0.761629	-0.0503883	0.249032	0.781063	1.10023
680	5440	5.1713e-05	0	0	0.761629	-0.0503887	0.249033	0.781062	1.10023
681	5448	5.2780e-05	0	0	0.76163	-0.0503889	0.249033	0.781061	1.10023
682	5456	4.9772e-05	0	0	0.761631	-0.0503891	0.249031	0.781064	1.10023
683	5464	5.2707e-05	0	0	0.761632	-0.0503883	0.249029	0.781066	1.10023
684	5472	4.5839e-05	0	0	0.761632	-0.050388	0.249031	0.781064	1.10023
685	5480	3.9180e-05	0	0	0.761631	-0.0503884	0.249031	0.781065	1.10023
686	5488	3.8423e-05	0	0	0.761632	-0.0503879	0.249029	0.781067	1.10023
687	5496	3.7510e-05	0	0	0.761633	-0.0503878	0.249028	0.781068	1.10023
688	5504	3.3251e-05	0	0	0.761633	-0.0503882	0.249028	0.781069	1.10023
689	5512	3.7195e-05	0	0	0.761634	-0.0503883	0.249027	0.78107	1.10022
690	5520	3.5497e-05	0	0	0.761633	-0.050388	0.249028	0.78107	1.10023
691	5528	3.4556e-05	0	0	0.761634	-0.0503877	0.249027	0.781071	1.10022
692	5536	3.2255e-05	0	0	0.761634	-0.050388	0.249027	0.78107	1.10023
693	5544	3.5762e-05	0	0	0.761634	-0.0503888	0.249026	0.781073	1.10022
694	5552	3.5993e-05	0	0	0.761633	-0.0503888	0.249027	0.781072	1.10023
695	5560	3.6317e-05	0	0	0.761634	-0.0503888	0.249025	0.781075	1.10023
696	5568	3.3247e-05	0	0	0.761634	-0.0503887	0.249026	0.781073	1.10022
697	5576	3.8041e-05	0	0	0.761634	-0.050389	0.249025	0.781075	1.10022
698	5584	4.1848e-05	0	0	0.761633	-0.05039	0.249026	0.781075	1.10023
699	5592	4.5312e-05	0	0	0.761632	-0.0503905	0.249026	0.781076	1.10023
700	5600	5.3450e-05	0	0	0.761631	-0.0503909	0.249026	0.781078	1.10023
701	5608	5.7095e-05	0	0	0.76163	-0.0503903	0.249027	0.781076	1.10023
702	5616	5.7213e-05	0	0	0.761629	-0.0503902	0.249029	0.781073	1.10023
703	5624	5.5763e-05	0	0	0.761628	-0.0503908	0.249029	0.781076	1.10023
704	5632	5.8141e-05	0	0	0.761626	-0.050391	0.24903	0.781075	1.10023
705	5640	5.8408e-05	0	0	0.761626	-0.0503919	0.249031	0.781076	1.10023
706	5648	5.0494e-05	0	0	0.761627	-0.0503919	0.249028	0.781078	1.10023
707	5656	4.7186e-05	0	0	0.761628	-0.0503914	0.249028	0.781078	1.10023
708	5664	4.5558e-05	0	0	0.761629	-0.0503906	0.249028	0.781077	1.10023
709	5672	4.1126e-05	0	0	0.761629	-0.0503903	0.249028	0.781076	1.10023
710	5680	4.1413e-05	0	0	0.761629	-0.0503906	0.249027	0.781079	1.10023
711	5688	3.6743e-05	0	0	0.761629	-0.0503905	0.249027	0.781078	1.10023
712	5696	3.8249e-05	0	0	0.761629	-0.0503903	0.249027	0.78108	1.10023
713	5704	4.3617e-05	0	0	0.761631	-0.0503894	0.249026	0.78108	1.10023
714	5712	3.4886e-05	0	0	0.76163	-0.05039	0.249026	0.781079	1.10023
715	5720	3.1778e-05	0	0	0.761631	-0.0503899	0.249026	0.781078	1.10023
716	5728	3.3668e-05	0	0	0.761632	-0.0503892	0.249025	0.781078	1.10023
717	5736	3.4264e-05	0	0	0.761632	-0.0503891	0.249025	0.781079	1.10023
718	5744	3.4552e-05	0	0	0.761631	-0.0503888	0.249026	0.781078	1.10023
719	5752	3.1309e-05	0	0	0.761631	-0.0503897	0.249025	0.78108	1.10023
720	5760	3.4102e-05	0	0	0.761631	-0.0503896	0.249025	0.78108	1.10023
721	5768	3.5706e-05	0	0	0.761631	-0.050389	0.249025	0.781079	1.10023
722	5776	3.9321e-05	0	0	0.76163	-0.0503893	0.249026	0.781079	1.10023
723	5784	3.9936e-05	0	0	0.761631	-0.0503894	0.249026	0.781078	1.10023
724	5792	4.6715e-05	0	0	0.76163	-0.0503902	0.249027	0.781079	1.10023
725	5800	5.4655e-05	0	0	0.761629	-0.0503902	0.249028	0.781078	1.10023
726	5808	5.2135e-05	0	0	0.76163	-0.0503898	0.249028	0.781076	1.10023
727	5816	5.8438e-05	0	0	0.761628	-0.0503897	0.24903	0.781075	1.10023
728	5824	6.8454e-05	0	0	0.761625	-0.0503898	0.249033	0.781073	1.10023
729	5832	6.7794e-05	0	0	0.761625	-0.0503897	0.249033	0.781073	1.10023
730	5840	6.3919e-05	0	0	0.761628	-0.0503889	0.249032	0.781073	1.10023
731	5848	5.6331e-05	0	0	0.761627	-0.0503889	0.249032	0.781073	1.10023
732	5856	5.6498e-05	0	0	0.761631	-0.0503887	0.249029	0.781074	1.10023
733	5864	4.9438e-05	0	0	0.761629	-0.0503895	0.24903	0.781075	1.10023
734	5872	4.4154e-05	0	0	0.761628	-0.0503898	0.249031	0.781074	1.10023
735	5880	3.7283e-05	0	0	0.761629	-0.0503899	0.24903	0.781075	1.10023
736	5888	3.2672e-05	0	0	0.761628	-0.0503901	0.24903	0.781075	1.10023
737	5896	3.1803e-05	0	0	0.761628	-0.0503906	0.24903	0.781077	1.10023
738	5904	3.2899e-05	0	0	0.761628	-0.050391	0.24903	0.781077	1.10023
739	5912	3.7305e-05	0	0	0.761626	-0.0503915	0.249032	0.781076	1.10023
740	5920	4.1365e-05	0	0	0.761626	-0.0503919	0.249032	0.781076	1.10023
741	5928	3.5638e-05	0	0	0.761626	-0.0503916	0.249032	0.781076	1.10023
742	5936	3.5764e-05	0	0	0.761626	-0.0503915	0.249032	0.781075	1.10023
743	5944	4.1921e-05	0	0	0.761626	-0.0503922	0.249032	0.781076	1.10023
744	5952	4.8911e-05	0	0	0.761625	-0.0503927	0.249032	0.781077	1.10023
745	5960	4.6988e-05	0	0	0.761626	-0.0503924	0.249032	0.781077	1.10023
746	5968	4.4969e-05	0	0	0.761625	-0.0503925	0.249032	0.781077	1.10023
747	5976	5.2925e-05	0	0	0.761621	-0.0503936	0.249035	0.781076	1.10024
748	5984	5.7851e-05	0	0	0.761621	-0.0503924	0.249036	0.781075	1.10023
749	5992	6.9096e-05	0	0	0.76162	-0.0503937	0.249035	0.781076	1.10023
750	6000	6.9286e-05	0	0	0.76162	-0.0503928	0.249034	0.781076	1.10023
751	6008	8.3159e-05	0	0	0.761623	-0.050393	0.249032	0.781077	1.10023
752	6016	8.7347e-05	0	0	0.761625	-0.0503916	0.249031	0.781076	1.10023
753	6024	9.2556e-05	0	0	0.761626	-0.0503921	0.249028	0.781078	1.10023
754	6032	9.3807e-05	0	0	0.761623	-0.0503911	0.249032	0.781073	1.10023
755	6040	8.3301e-05	0	0	0.761626	-0.05039	0.249029	0.781075	1.10023
756	6048	8.6698e-05	0	0	0.761621	-0.0503898	0.249034	0.78107	1.10023
757	6056	8.4992e-05	0	0	0.761622	-0.0503894	0.249034	0.781069	1.10023
758	6064	9.6016e-05	0	0	0.761624	-0.0503895	0.249031	0.781069	1.10023
759	6072	9.4349e-05	0	0	0.761624	-0.0503898	0.249032	0.781068	1.10023
760	6080	1.0385e-04	0	0	0.761624	-0.0503886	0.249034	0.781065	1.10023
761	6088	1.2607e-04	0	0	0.76162	-0.0503888	0.249038	0.781063	1.10023
762	6096	1.5694e-04	0	0	0.761618	-0.05039	0.249037	0.781067	1.10023
763	6104	1.4606e-04	0	0	0.761627	-0.0503895	0.249029	0.781073	1.10023
764	6112	1.6100e-04	0	0	0.76163	-0.0503901	0.249027	0.78107	1.10022
765	6120	1.4810e-04	0	0	0.761631	-0.0503895	0.249027	0.78107	1.10022
766	6128	1.6918e-04	0	0	0.761634	-0.0503929	0.249021	0.781077	1.10022
767	6136	2.0420e-04	0	0	0.761639	-0.0503949	0.249012	0.781089	1.10022
768	6144	2.2726e-04	0	0	0.761629	-0.0503978	0.249019	0.781084	1.10022
769	6152	2.3530e-04	0	0	0.761624	-0.0504007	0.249022	0.781085	1.10022
770	6160	2.2762e-04	0	0	0.761625	-0.0503999	0.249022	0.781082	1.10022
771	6168	2.2240e-04	0	0	0.761626	-0.0504021	0.249018	0.78109	1.10022
772	6176	2.1661e-04	0	0	0.761626	-0.0504049	0.249016	0.781096	1.10022
773	6184	2.2375e-04	0	0	0.761616	-0.0504048	0.249025	0.781085	1.10022
774	6192	2.5228e-04	0	0	0.76161	-0.0504034	0.249031	0.781075	1.10022
775	6200	2.6353e-04	0	0	0.76161	-0.0504034	0.249031	0.781071	1.10022
776	6208	2.6625e-04	0	0	0.761606	-0.0504066	0.249034	0.78107	1.10022
777	6216	2.9345e-04	0	0	0.761609	-0.0504118	0.249026	0.781079	1.10022
778	6224	3.0390e-04	0	0	0.76161	-0.0504118	0.249025	0.781076	1.10021
779	6232	3.1979e-04	0	0	0.7616	-0.0504173	0.249028	0.781091	1.10022
780	6240	2.8287e-04	0	0	0.761603	-0.050418	0.249024	0.781094	1.10022
781	6248	2.4851e-04	0	0	0.761614	-0.0504146	0.249018	0.781091	1.10021
782	6256	2.4439e-04	0	0	0.761611	-0.0504156	0.249017	0.781098	1.10022
783	6264	2.4171e-04	0	0	0.761613	-0.0504153	0.249013	0.781099	1.10021
784	6272	2.4417e-04	0	0	0.761613	-0.0504214	0.249007	0.781111	1.10021
785	6280	2.7223e-04	0	0	0.761622	-0.0504228	0.248995	0.781124	1.1002
786	6288	3.3458e-04	0	0	0.76161	-0.0504318	0.249	0.781123	1.1002
787	6296	3.3022e-04	0	0	0.761607	-0.0504292	0.24901	0.78111	1.10021
788	6304	3.4418e-04	0	0	0.7616	-0.0504336	0.249012	0.781113	1.10021
789	6312	3.7154e-04	0	0	0.761596	-0.0504345	0.249017	0.781099	1.10021
790	6320	3.8401e-04	0	0	0.761595	-0.0504298	0.249025	0.781082	1.10021
791	6328	3.1994e-04	0	0	0.761594	-0.0504318	0.249021	0.781093	1.10021
792	6336	2.8440e-04	0	0	0.7616	-0.0504316	0.249017	0.78109	1.1002
793	6344	2.7581e-04	0	0	0.761597	-0.0504378	0.249015	0.781095	1.1002
794	6352	2.8026e-04	0	0	0.761587	-0.0504396	0.249025	0.781084	1.10021
795	6360	2.6438e-04	0	0	0.761589	-0.0504417	0.249021	0.781092	1.1002
796	6368	2.6872e-04	0	0	0.761591	-0.0504418	0.249023	0.781088	1.1002
797	6376	2.5892e-04	0	0	0.761593	-0.0504456	0.249016	0.781098	1.1002
798	6384	2.2203e-04	0	0	0.761593	-0.0504421	0.249021	0.781094	1.10021
799	6392	2.0577e-04	0	0	0.76159	-0.0504431	0.249024	0.781087	1.10021
800	6400	2.5166e-04	0	0	0.761591	-0.0504449	0.249026	0.781087	1.10021
801	6408	2.4488e-04	0	0	0.761593	-0.0504424	0.249026	0.78108	1.1002
802	6416	2.6968e-04	0	0	0.761601	-0.050443	0.249018	0.78109	1.1002
803	6424	2.7966e-04	0	0	0.761611	-0.0504424	0.249009	0.781096	1.1002
804	6432	2.5291e-04	0	0	0.761605	-0.050441	0.249017	0.78109	1.1002
805	6440	2.4516e-04	0	0	0.761598	-0.0504377	0.249026	0.781078	1.10021
806	6448	2.9706e-04	0	0	0.761603	-0.0504311	0.249028	0.781067	1.1002
807	6456	3.0651e-04	0	0	0.761596	-0.0504331	0.249035	0.781067	1.10021
808	6464	3.1592e-04	0	0	0.761594	-0.0504365	0.249038	0.781065	1.10021
809	6472	3.2245e-04	0	0	0.76159	-0.050438	0.249039	0.781067	1.10021
810	6480	2.7776e-04	0	0	0.761584	-0.0504372	0.249045	0.781062	1.10022
811	6488	2.2849e-04	0	0	0.761586	-0.0504374	0.249042	0.781062	1.10021
812	6496	2.2936e-04	0	0	0.761584	-0.0504416	0.24904	0.781065	1.10021
813	6504	1.9917e-04	0	0	0.76159	-0.0504351	0.24904	0.781061	1.10021
814	6512	2.1567e-04	0	0	0.761594	-0.0504339	0.249035	0.781063	1.10021
815	6520	1.8918e-04	0	0	0.76159	-0.050439	0.249036	0.781067	1.10021
816	6528	2.1996e-04	0	0	0.761591	-0.0504426	0.249031	0.781069	1.1002
817	6536	2.1847e-04	0	0	0.76159	-0.0504446	0.249031	0.781072	1.1002
818	6544	1.9865e-04	0	0	0.761588	-0.0504443	0.249034	0.781069	1.10021
819	6552	1.8425e-04	0	0	0.76159	-0.0504438	0.249032	0.78107	1.10021
820	6560	1.7357e-04	0	0	0.761593	-0.0504406	0.249031	0.781066	1.1002
821	6568	1.9307e-04	0	0	0.761595	-0.0504448	0.249026	0.781076	1.1002
822	6576	1.8113e-04	0	0	0.761597	-0.0504434	0.249024	0.781078	1.1002
823	6584	1.8046e-04	0	0	0.761595	-0.0504437	0.249025	0.781072	1.1002
824	6592	1.7227e-04	0	0	0.76159	-0.0504469	0.249029	0.781073	1.1002
825	6600	1.7706e-04	0	0	0.761589	-0.0504452	0.24903	0.781066	1.1002
826	6608	1.7303e-04	0	0	0.761595	-0.050443	0.249025	0.781067	1.1002
827	6616	1.3973e-04	0	0	0.761595	-0.0504438	0.249025	0.78107	1.1002
828	6624	1.2718e-04	0	0	0.761594	-0.050445	0.249026	0.781068	1.1002
829	6632	1.3447e-04	0	0	0.761588	-0.050445	0.24903	0.781065	1.1002
830	6640	1.2975e-04	0	0	0.761591	-0.0504478	0.249025	0.78107	1.1002
831	6648	1.3541e-04	0	0	0.76159	-0.0504494	0.249026	0.78107	1.1002
832	6656	1.5421e-04	0	0	0.761588	-0.0504532	0.249026	0.781072	1.1002
833	6664	1.4435e-04	0	0	0.761595	-0.0504488	0.249021	0.781074	1.1002
834	6672	1.3623e-04	0	0	0.761598	-0.0504476	0.249018	0.781075	1.10019
835	6680	1.4274e-04	0	0	0.761603	-0.0504434	0.249017	0.781073	1.10019
836	6688	1.5260e-04	0	0	0.761605	-0.0504399	0.249018	0.781072	1.10019
837	6696	1.5897e-04	0	0	0.761606	-0.0504401	0.249016	0.781073	1.10019
838	6704	1.5209e-04	0	0	0.761599	-0.0504421	0.249022	0.781071	1.1002
839	6712	1.3663e-04	0	0	0.761602	-0.0504442	0.249018	0.781075	1.10019
840	6720	1.1582e-04	0	0	0.761602	-0.0504426	0.249019	0.781072	1.1002
841	6728	1.1427e-04	0	0	0.761605	-0.0504405	0.249019	0.781071	1.10019
842	6736	1.2109e-04	0	0	0.761607	-0.0504399	0.249018	0.781071	1.10019
843	6744	1.3192e-04	0	0	0.7616	-0.050442	0.249025	0.781067	1.1002
844	6752	1.3960e-04	0	0	0.761598	-0.0504423	0.249027	0.781064	1.1002
845	6760	1.4509e-04	0	0	0.761599	-0.0504408	0.249026	0.781066	1.1002
846	6768	1.5346e-04	0	0	0.7616	-0.0504406	0.249025	0.781067	1.1002
847	6776	1.8105e-04	0	0	0.761603	-0.0504398	0.249023	0.781069	1.1002
848	6784	2.0083e-04	0	0	0.761594	-0.0504446	0.249031	0.781068	1.1002
849	6792	2.3804e-04	0	0	0.761606	-0.050437	0.249023	0.781072	1.1002
850	6800	2.0538e-04	0	0	0.761603	-0.050439	0.249025	0.78107	1.1002
851	6808	1.6652e-04	0	0	0.761604	-0.0504379	0.249024	0.78107	1.1002
852	6816	1.4888e-04	0	0	0.761603	-0.0504387	0.249024	0.781071	1.1002
853	6824	1.3533e-04	0	0	0.761602	-0.0504395	0.249023	0.781072	1.1002
854	6832	1.3763e-04	0	0	0.761605	-0.0504377	0.249022	0.781075	1.1002
855	6840	1.4471e-04	0	0	0.761602	-0.0504404	0.249022	0.781078	1.1002
856	6848	1.4911e-04	0	0	0.761602	-0.0504378	0.249024	0.781076	1.1002
857	6856	1.5545e-04	0	0	0.761605	-0.0504351	0.249022	0.781075	1.1002
858	6864	1.2557e-04	0	0	0.761604	-0.0504366	0.249023	0.781075	1.1002
859	6872	1.2433e-04	0	0	0.7616	-0.0504392	0.249026	0.781073	1.1002
860	6880	1.2113e-04	0	0	0.761599	-0.05044	0.249027	0.781073	1.1002
861	6888	1.1906e-04	0	0	0.761603	-0.0504371	0.249026	0.781072	1.1002
862	6896	1.1022e-04	0	0	0.761604	-0.0504374	0.249024	0.781072	1.1002
863	6904	1.0691e-04	0	0	0.761606	-0.0504369	0.249022	0.781073	1.1002
864	6912	9.8680e-05	0	0	0.761606	-0.0504382	0.249021	0.781076	1.1002
865	6920	9.5374e-05	0	0	0.761604	-0.0504391	0.249022	0.781076	1.1002
866	6928	9.7938e-05	0	0	0.761603	-0.0504392	0.249023	0.781076	1.1002
867	6936	9.4545e-05	0	0	0.761603	-0.0504405	0.249021	0.781077	1.1002
868	6944	9.3397e-05	0	0	0.761603	-0.0504409	0.249021	0.781078	1.1002
869	6952	9.1411e-05	0	0	0.761601	-0.0504416	0.249023	0.781077	1.1002
870	6960	7.9681e-05	0	0	0.761602	-0.0504413	0.249022	0.781078	1.1002
871	6968	7.1164e-05	0	0	0.761602	-0.0504404	0.249022	0.781078	1.1002
872	6976	6.5489e-05	0	0	0.761601	-0.0504408	0.249023	0.781078	1.1002
873	6984	5.7522e-05	0	0	0.761601	-0.0504407	0.249023	0.781078	1.1002
874	6992	4.7184e-05	0	0	0.761601	-0.050441	0.249023	0.781078	1.1002
875	7000	4.2803e-05	0	0	0.761602	-0.0504402	0.249023	0.781078	1.1002
876	7008	3.7971e-05	0	0	0.761603	-0.0504399	0.249022	0.781078	1.1002
877	7016	3.1917e-05	0	0	0.761602	-0.0504403	0.249022	0.781078	1.1002
878	7024	2.8199e-05	0	0	0.761602	-0.0504399	0.249022	0.781078	1.1002
879	7032	2.6373e-05	0	0	0.761603	-0.0504396	0.249022	0.781077	1.1002
880	7040	2.9516e-05	0	0	0.761603	-0.0504392	0.249022	0.781077	1.1002
881	7048	2.8517e-05	0	0	0.761603	-0.0504393	0.249022	0.781077	1.1002
882	7056	2.3527e-05	0	0	0.761603	-0.0504392	0.249022	0.781077	1.1002
883	7064	2.1641e-05	0	0	0.761603	-0.050439	0.249022	0.781077	1.1002
884	7072	2.2218e-05	0	0	0.761603	-0.0504386	0.249022	0.781077	1.1002
885	7080	2.6084e-05	0	0	0.761603	-0.0504384	0.249023	0.781076	1.1002
886	7088	2.9586e-05	0	0	0.761602	-0.0504386	0.249023	0.781076	1.1002
887	7096	2.7174e-05	0	0	0.761603	-0.0504386	0.249023	0.781076	1.1002
888	7104	2.6333e-05	0	0	0.761603	-0.0504387	0.249022	0.781077	1.1002
889	7112	2.3869e-05	0	0	0.761603	-0.0504385	0.249022	0.781076	1.1002
890	7120	2.2296e-05	0	0	0.761604	-0.0504382	0.249022	0.781076	1.1002
891	7128	2.2793e-05	0	0	0.761604	-0.050438	0.249022	0.781076	1.1002
892	7136	2.1801e-05	0	0	0.761603	-0.0504382	0.249023	0.781076	1.1002
893	7144	2.0227e-05	0	0	0.761603	-0.0504381	0.249023	0.781076	1.1002
894	7152	1.8412e-05	0	0	0.761603	-0.050438	0.249023	0.781075	1.1002
895	7160	1.6184e-05	0	0	0.761603	-0.050438	0.249023	0.781075	1.1002
896	7168	1.5442e-05	0	0	0.761603	-0.0504379	0.249023	0.781075	1.1002
897	7176	1.4939e-05	0	0	0.761604	-0.0504379	0.249023	0.781075	1.1002
898	7184	1.4580e-05	0	0	0.761603	-0.0504377	0.249023	0.781075	1.1002
899	7192	1.3022e-05	0	0	0.761604	-0.0504378	0.249023	0.781075	1.1002
900	7200	1.4686e-05	0	0	0.761604	-0.0504373	0.249023	0.781075	1.1002
901	7208	1.5815e-05	0	0	0.761604	-0.0504372	0.249023	0.781075	1.1002
902	7216	1.6224e-05	0	0	0.761604	-0.0504373	0.249023	0.781075	1.1002
903	7224	1.6202e-05	0	0	0.761604	-0.0504373	0.249023	0.781074	1.1002
904	7232	1.4830e-05	0	0	0.761604	-0.0504371	0.249023	0.781074	1.1002
905	7240	1.4148e-05	0	0	0.761604	-0.050437	0.249023	0.781074	1.1002
906	7248	1.2896e-05	0	0	0.761604	-0.0504369	0.249023	0.781074	1.1002
907	7256	1.1798e-05	0	0	0.761604	-0.0504371	0.249023	0.781074	1.1002
908	7264	1.1426e-05	0	0	0.761604	-0.0504369	0.249023	0.781074	1.1002
909	7272	9.5215e-06	0	0	0.761604	-0.050437	0.249023	0.781074	1.1002
910	7280	8.4666e-06	0	0	0.761604	-0.0504371	0.249023	0.781074	1.1002
911	7288	7.8845e-06	0	0	0.761604	-0.0504371	0.249023	0.781074	1.1002
912	7296	9.0720e-06	0	0	0.761604	-0.0504373	0.249023	0.781075	1.1002
913	7304	8.4421e-06	0	0	0.761604	-0.0504373	0.249023	0.781075	1.1002
914	7312	8.3793e-06	0	0	0.761604	-0.0504373	0.249023	0.781075	1.1002
915	7320	8.6581e-06	0	0	0.761604	-0.0504374	0.249023	0.781075	1.1002
916	7328	9.2422e-06	0	0	0.761604	-0.0504375	0.249023	0.781075	1.1002
917	7336	9.5038e-06	0	0	0.761604	-0.0504376	0.249023	0.781075	1.1002
918	7344	8.8725e-06	0	0	0.761604	-0.0504376	0.249023	0.781075	1.1002
919	7352	9.6374e-06	0	0	0.761604	-0.0504379	0.249023	0.781075	1.1002
920	7360	9.8498e-06	0	0	0.761604	-0.0504377	0.249023	0.781075	1.1002
921	7368	1.0095e-05	0	0	0.761604	-0.0504376	0.249023	0.781075	1.1002
922	7376	9.9340e-06	0	0	0.761604	-0.0504375	0.249023	0.781075	1.1002
923	7384	9.7712e-06	0	0	0.761604	-0.0504374	0.249023	0.781074	1.1002
924	7392	9.7246e-06	0	0	0.761604	-0.0504376	0.249023	0.781075	1.1002
925	7400	1.0231e-05	0	0	0.761604	-0.0504374	0.249023	0.781074	1.1002
926	7408	1.0333e-05	0	0	0.761604	-0.0504373	0.249023	0.781074	1.1002
927	7416	9.2408e-06	0	0	0.761604	-0.0504374	0.249023	0.781074	1.1002
928	7424	8.5159e-06	0	0	0.761604	-0.0504374	0.249023	0.781074	1.1002
929	7432	7.7053e-06	0	0	0.761604	-0.0504372	0.249023	0.781074	1.1002
930	7440	8.0516e-06	0	0	0.761604	-0.0504372	0.249023	0.781074	1.1002
931	7448	7.0873e-06	0	0	0.761604	-0.0504372	0.249023	0.781074	1.1002
932	7456	6.7620e-06	0	0	0.761604	-0.0504372	0.249023	0.781074	1.1002
933	7464	5.9592e-06	0	0	0.761604	-0.0504371	0.249023	0.781074	1.1002
934	7472	6.4796e-06	0	0	0.761604	-0.0504373	0.249023	0.781074	1.1002
935	7480	6.2258e-06	0	0	0.761604	-0.0504372	0.249023	0.781074	1.1002
936	7488	5.6825e-06	0	0	0.761604	-0.0504372	0.249023	0.781074	1.1002
937	7496	6.4292e-06	0	0	0.761604	-0.050437	0.249023	0.781074	1.1002
938	7504	9.5296e-06	0	0	0.761604	-0.0504367	0.249023	0.781074	1.1002
939	7512	1.0167e-05	0	0	0.761604	-0.0504368	0.249023	0.781074	1.1002
940	7520	9.6513e-06	0	0	0.761604	-0.0504367	0.249023	0.781074	1.1002
941	7528	9.6953e-06	0	0	0.761604	-0.0504367	0.249023	0.781074	1.1002
942	7536	1.0144e-05	0	0	0.761604	-0.0504364	0.249023	0.781073	1.1002
943	7544	9.3394e-06	0	0	0.761604	-0.0504366	0.249023	0.781073	1.1002
944	7552	1.1480e-05	0	0	0.761604	-0.0504367	0.249024	0.781073	1.1002
945	7560	1.2734e-05	0	0	0.761604	-0.0504365	0.249024	0.781073	1.1002
946	7568	1.3687e-05	0	0	0.761604	-0.0504364	0.249024	0.781073	1.1002
947	7576	1.7422e-05	0	0	0.761604	-0.0504361	0.249024	0.781072	1.1002
948	7584	2.0820e-05	0	0	0.761604	-0.050436	0.249024	0.781072	1.1002
949	7592	2.2848e-05	0	0	0.761604	-0.0504357	0.249024	0.781072	1.1002
950	7600	2.4346e-05	0	0	0.761604	-0.0504357	0.249024	0.781072	1.1002
951	7608	2.1123e-05	0	0	0.761604	-0.0504358	0.249024	0.781072	1.1002
952	7616	2.0492e-05	0	0	0.761604	-0.0504359	0.249024	0.781073	1.1002
953	7624	2.0427e-05	0	0	0.761603	-0.0504365	0.249024	0.781073	1.1002
954	7632	2.0074e-05	0	0	0.761603	-0.0504368	0.249024	0.781073	1.1002
955	7640	1.8301e-05	0	0	0.761603	-0.0504369	0.249024	0.781073	1.1002
956	7648	1.9636e-05	0	0	0.761603	-0.0504371	0.249024	0.781074	1.1002
957	7656	1.6577e-05	0	0	0.761603	-0.050437	0.249024	0.781074	1.1002
958	7664	1.7439e-05	0	0	0.761604	-0.0504368	0.249024	0.781074	1.1002
959	7672	2.0368e-05	0	0	0.761604	-0.0504366	0.249023	0.781074	1.1002
960	7680	2.2994e-05	0	0	0.761604	-0.0504364	0.249023	0.781074	1.1002
961	7688	2.4990e-05	0	0	0.761604	-0.0504365	0.249023	0.781074	1.1002
962	7696	2.8843e-05	0	0	0.761605	-0.0504362	0.249023	0.781073	1.1002
963	7704	2.7746e-05	0	0	0.761605	-0.050436	0.249023	0.781074	1.1002
964	7712	2.8499e-05	0	0	0.761605	-0.0504354	0.249023	0.781073	1.1002
965	7720	3.1703e-05	0	0	0.761606	-0.0504347	0.249023	0.781072	1.1002
966	7728	2.7778e-05	0	0	0.761605	-0.050435	0.249023	0.781072	1.1002
967	7736	2.8814e-05	0	0	0.761606	-0.0504344	0.249023	0.781072	1.1002
968	7744	3.2570e-05	0	0	0.761606	-0.0504352	0.249023	0.781073	1.1002
969	7752	3.3884e-05	0	0	0.761606	-0.0504352	0.249022	0.781073	1.1002
970	7760	2.9100e-05	0	0	0.761606	-0.0504351	0.249023	0.781073	1.1002
971	7768	2.5479e-05	0	0	0.761605	-0.0504357	0.249022	0.781073	1.1002
972	7776	2.2895e-05	0	0	0.761606	-0.0504351	0.249023	0.781072	1.1002
973	7784	2.2545e-05	0	0	0.761606	-0.0504345	0.249023	0.781072	1.1002
974	7792	2.0137e-05	0	0	0.761606	-0.0504344	0.249023	0.781072	1.1002
975	7800	1.9601e-05	0	0	0.761606	-0.0504343	0.249023	0.781072	1.1002
976	7808	1.7897e-05	0	0	0.761606	-0.0504343	0.249023	0.781072	1.1002
977	7816	1.8400e-05	0	0	0.761606	-0.0504345	0.249022	0.781072	1.1002
978	7824	1.8304e-05	0	0	0.761606	-0.0504344	0.249022	0.781072	1.1002
979	7832	1.8054e-05	0	0	0.761606	-0.0504349	0.249022	0.781073	1.1002
980	7840	1.7609e-05	0	0	0.761606	-0.0504348	0.249022	0.781073	1.1002
981	7848	1.6921e-05	0	0	0.761607	-0.0504346	0.249022	0.781073	1.1002
982	7856	1.8335e-05	0	0	0.761607	-0.0504345	0.249022	0.781073	1.1002
983	7864	1.8195e-05	0	0	0.761607	-0.0504341	0.249022	0.781072	1.1002
984	7872	1.9669e-05	0	0	0.761607	-0.0504344	0.249022	0.781072	1.1002
985	7880	2.0167e-05	0	0	0.761607	-0.0504342	0.249022	0.781072	1.1002
986	7888	1.8385e-05	0	0	0.761607	-0.0504341	0.249022	0.781072	1.1002
987	7896	2.0093e-05	0	0	0.761607	-0.050434	0.249022	0.781072	1.1002
988	7904	2.1012e-05	0	0	0.761607	-0.0504338	0.249022	0.781072	1.1002
989	7912	2.1864e-05	0	0	0.761607	-0.0504333	0.249022	0.781071	1.1002
990	7920	2.4372e-05	0	0	0.761608	-0.0504329	0.249022	0.781071	1.1002
991	7928	2.5035e-05	0	0	0.761607	-0.0504334	0.249022	0.781071	1.1002
992	7936	2.6470e-05	0	0	0.761607	-0.0504332	0.249023	0.781071	1.1002
993	7944	3.0519e-05	0	0	0.761607	-0.0504329	0.249023	0.781071	1.1002
994	7952	3.4673e-05	0	0	0.761607	-0.0504332	0.249023	0.78107	1.1002
995	7960	3.4046e-05	0	0	0.761607	-0.0504327	0.249024	0.78107	1.1002
996	7968	3.0951e-05	0	0	0.761607	-0.0504333	0.249023	0.781071	1.1002
997	7976	3.2272e-05	0	0	0.761606	-0.0504338	0.249023	0.781071	1.1002
998	7984	2.8872e-05	0	0	0.761606	-0.050434	0.249023	0.781071	1.1002
999	7992	3.0015e-05	0	0	0.761605	-0.0504347	0.249023	0.781072	1.1002
1000	8000	2.8130e-05	0	0	0.761606	-0.0504348	0.249023	0.781072	1.1002
1001	8008	2.7040e-05	0	0	0.761605	-0.0504353	0.249023	0.781072	1.1002
1002	8016	2.5877e-05	0	0	0.761605	-0.0504356	0.249023	0.781073	1.1002
1003	8024	2.4816e-05	0	0	0.761605	-0.0504358	0.249023	0.781073	1.1002
1004	8032	2.3738e-05	0	0	0.761604	-0.0504358	0.249024	0.781073	1.1002
1005	8040	2.0241e-05	0	0	0.761605	-0.0504357	0.249023	0.781073	1.1002
1006	8048	2.0359e-05	0	0	0.761605	-0.0504359	0.249023	0.781073	1.1002
1007	8056	2.1428e-05	0	0	0.761604	-0.0504361	0.249024	0.781073	1.1002
1008	8064	2.5051e-05	0	0	0.761604	-0.0504359	0.249023	0.781073	1.1002
1009	8072	3.0400e-05	0	0	0.761604	-0.0504362	0.249024	0.781073	1.1002
1010	8080	3.4264e-05	0	0	0.761603	-0.0504369	0.249024	0.781073	1.1002
1011	8088	2.9934e-05	0	0	0.761604	-0.0504369	0.249024	0.781074	1.1002
1012	8096	3.0936e-05	0	0	0.761603	-0.0504374	0.249024	0.781074	1.1002
1013	8104	3.0172e-05	0	0	0.761603	-0.0504372	0.249023	0.781074	1.1002
1014	8112	2.8702e-05	0	0	0.761604	-0.050437	0.249023	0.781074	1.1002
1015	8120	3.0453e-05	0	0	0.761604	-0.0504366	0.249023	0.781074	1.1002
1016	8128	2.6563e-05	0	0	0.761604	-0.0504364	0.249023	0.781073	1.1002
1017	8136	2.3876e-05	0	0	0.761604	-0.0504365	0.249023	0.781073	1.1002
1018	8144	2.0396e-05	0	0	0.761604	-0.0504364	0.249023	0.781073	1.1002
1019	8152	1.9670e-05	0	0	0.761605	-0.050436	0.249023	0.781073	1.1002
1020	8160	1.6083e-05	0	0	0.761604	-0.0504362	0.249023	0.781073	1.1002
1021	8168	1.3971e-05	0	0	0.761604	-0.0504362	0.249023	0.781073	1.1002
1022	8176	1.3981e-05	0	0	0.761605	-0.0504361	0.249023	0.781073	1.1002
1023	8184	1.2417e-05	0	0	0.761604	-0.0504363	0.249023	0.781073	1.1002
1024	8192	1.0643e-05	0	0	0.761604	-0.0504363	0.249023	0.781073	1.1002
1025	8200	1.0248e-05	0	0	0.761604	-0.0504365	0.249023	0.781073	1.1002
1026	8208	1.1325e-05	0	0	0.761604	-0.0504364	0.249023	0.781073	1.1002
1027	8216	1.0582e-05	0	0	0.761604	-0.0504364	0.249023	0.781073	1.1002
1028	8224	1.0332e-05	0	0	0.761605	-0.0504363	0.249023	0.781073	1.1002
1029	8232	1.0148e-05	0	0	0.761605	-0.0504362	0.249023	0.781073	1.1002
1030	8240	1.0161e-05	0	0	0.761605	-0.0504361	0.249023	0.781073	1.1002
1031	8248	9.3951e-06	0	0	0.761605	-0.0504362	0.249023	0.781073	1.1002
1032	8256	9.6276e-06	0	0	0.761605	-0.0504361	0.249023	0.781073	1.1002
1033	8264	8.7054e-06	0	0	0.761605	-0.0504361	0.249023	0.781073	1.1002
1034	8272	8.3225e-06	0	0	0.761605	-0.0504363	0.249023	0.781073	1.1002
1035	8280	6.7983e-06	0	0	0.761605	-0.0504363	0.249023	0.781073	1.1002
1036	8288	5.8982e-06	0	0	0.761605	-0.0504362	0.249023	0.781073	1.1002
1037	8296	5.4484e-06	0	0	0.761605	-0.0504362	0.249023	0.781073	1.1002
1038	8304	6.8594e-06	0	0	0.761605	-0.0504364	0.249023	0.781074	1.1002
1039	8312	6.5146e-06	0	0	0.761605	-0.0504363	0.249023	0.781074	1.1002
1040	8320	7.1491e-06	0	0	0.761605	-0.0504363	0.249023	0.781074	1.1002
1041	8328	7.1708e-06	0	0	0.761605	-0.0504364	0.249023	0.781074	1.1002
1042	8336	7.1372e-06	0	0	0.761605	-0.0504363	0.249023	0.781073	1.1002
1043	8344	6.9149e-06	0	0	0.761605	-0.0504362	0.249023	0.781073	1.1002
1044	8352	6.8118e-06	0	0	0.761605	-0.0504362	0.249023	0.781073	1.1002
1045	8360	6.7639e-06	0	0	0.761605	-0.0504361	0.249023	0.781073	1.1002
1046	8368	6.4965e-06	0	0	0.761605	-0.0504362	0.249023	0.781073	1.1002
1047	8376	5.2665e-06	0	0	0.761605	-0.0504362	0.249023	0.781073	1.1002
1048	8384	5.2849e-06	0	0	0.761605	-0.0504361	0.249023	0.781073	1.1002
1049	8392	5.0007e-06	0	0	0.761605	-0.0504362	0.249023	0.781073	1.1002
1050	8400	4.9003e-06	0	0	0.761605	-0.0504361	0.249023	0.781073	1.1002
1051	8408	4.8550e-06	0	0	0.761605	-0.0504361	0.249023	0.781073	1.1002
1052	8416	4.5797e-06	0	0	0.761605	-0.0504361	0.249023	0.781073	1.1002
1053	8424	4.3013e-06	0	0	0.761605	-0.0504361	0.249023	0.781073	1.1002
1054	8432	4.1001e-06	0	0	0.761605	-0.0504361	0.249023	0.781073	1.1002
1055	8440	3.8648e-06	0	0	0.761605	-0.0504361	0.249023	0.781073	1.1002
1056	8448	3.9423e-06	0	0	0.761605	-0.050436	0.249023	0.781073	1.1002
1057	8456	3.4338e-06	0	0	0.761605	-0.050436	0.249023	0.781073	1.1002
1058	8464	3.7844e-06	0	0	0.761605	-0.050436	0.249023	0.781073	1.1002
1059	8472	4.0346e-06	0	0	0.761605	-0.050436	0.249023	0.781073	1.1002
1061	8488	4.1198e-06	0	0	0.761605	-0.050436	0.249023	0.781073	1.1002
1064	8512	3.0730e-06	0	0	0.761605	-0.050436	0.249023	0.781073	1.1002
1068	8544	2.9826e-06	0	0	0.761605	-0.0504359	0.249023	0.781073	1.1002
1073	8584	2.9200e-06	0	0	0.761605	-0.0504359	0.249023	0.781073	1.1002
1079	8632	1.5545e-06	0	0	0.761605	-0.0504359	0.249023	0.781073	1.1002
1086	8688	1.3303e-06	0	0	0.761605	-0.0504359	0.249023	0.781073	1.1002
1094	8752	1.2519e-06	0	0	0.761605	-0.0504359	0.249023	0.781073	1.1002
1103	8824	7.3759e-07	0	0	0.761605	-0.0504359	0.249023	0.781073	1.1002
1113	8904	8.0824e-07	0	0	0.761605	-0.0504359	0.249023	0.781073	1.1002
1124	8992	1.6571e-06	0	0	0.761605	-0.0504359	0.249023	0.781073	1.1002
1136	9088	1.9708e-06	0	0	0.761605	-0.0504359	0.249023	0.781073	1.1002
1149	9192	2.1124e-06	0	0	0.761605	-0.0504359	0.249023	0.781073	1.1002
1163	9304	1.6653e-06	0	0	0.761605	-0.0504359	0.249023	0.781073	1.1002
1178	9424	1.6570e-06	0	0	0.761605	-0.0504359	0.249023	0.781073	1.1002
1194	9552	1.3717e-06	0	0	0.761605	-0.0504359	0.249023	0.781073	1.1002
1211	9688	2.0739e-06	0	0	0.761605	-0.0504359	0.249023	0.781073	1.1002
1229	9832	3.2584e-06	0	0	0.761605	-0.0504359	0.249023	0.781073	1.1002
1248	9984	3.7285e-06	0	0	0.761605	-0.0504358	0.249023	0.781073	1.1002
1268	10144	9.3266e-06	0	0	0.761605	-0.0504359	0.249023	0.781073	1.1002
1289	10312	1.9162e-05	0	0	0.761605	-0.0504365	0.249023	0.781073	1.1002
1311	10488	3.0873e-05	0	0	0.761604	-0.0504362	0.249023	0.781073	1.1002
1334	10672	2.2141e-05	0	0	0.761605	-0.050436	0.249023	0.781073	1.1002
1358	10864	4.3143e-05	0	0	0.761605	-0.0504355	0.249023	0.781072	1.1002
1383	11064	2.4367e-04	0	0	0.761608	-0.0504351	0.24902	0.781073	1.1002
1409	11272	5.4677e-04	0	0	0.761619	-0.0504327	0.249006	0.781079	1.10018
1436	11488	5.2621e-03	0	0	0.761754	-0.0503477	0.248905	0.781073	1.10008
1464	11712	2.4998e-03	0	0	0.761878	-0.0503273	0.248773	0.781152	1.09998
1493	11944	1.2646e-03	0	0	0.761911	-0.0503061	0.24875	0.78114	1.09996
1523	12184	6.4463e-04	0	0	0.761901	-0.0503151	0.248757	0.781142	1.09996
1554	12432	8.6376e-04	0	0	0.761904	-0.0503161	0.248752	0.781138	1.09996
1586	12688	1.0366e-03	0	0	0.76189	-0.05032	0.248768	0.781133	1.09997
1619	12952	4.9773e-04	0	0	0.761902	-0.0503188	0.248755	0.781143	1.09996
1653	13224	2.1106e-04	0	0	0.761897	-0.0503205	0.24876	0.781142	1.09997
1688	13504	2.8733e-04	0	0	0.761893	-0.0503217	0.248763	0.78114	1.09997
1724	13792	9.5938e-04	0	0	0.761909	-0.0503175	0.248747	0.781151	1.09996
1761	14088	2.3775e-04	0	0	0.761903	-0.0503205	0.248752	0.78115	1.09996
1799	14392	4.6294e-04	0	0	0.7619	-0.0503202	0.248756	0.781148	1.09997
1838	14704	5.0535e-04	0	0	0.761896	-0.0503221	0.248759	0.781147	1.09997
1878	15024	1.7410e-04	0	0	0.761892	-0.050324	0.248763	0.781146	1.09997
1919	15352	4.9555e-04	0	0	0.76188	-0.0503277	0.248774	0.781141	1.09998
1961	15688	2.2095e-04	0	0	0.76188	-0.0503284	0.248774	0.781141	1.09998
2004	16032	2.7469e-04	0	0	0.761879	-0.0503291	0.248775	0.781141	1.09998
2048	16384	1.8180e-03	0	0	0.761925	-0.0503139	0.248732	0.781161	1.09995
2093	16744	6.3886e-04	0	0	0.761906	-0.0503186	0.24875	0.781152	1.09996
2139	17112	2.3499e-04	0	0	0.761904	-0.0503194	0.248753	0.78115	1.09996
2158	17264	2.3957e-04	0	0	0.761904	-0.0503192	0.248752	0.781151	1.09996
2205	17640	1.2431e-04	0	0	0.761905	-0.0503189	0.248751	0.781151	1.09996
2253	18024	2.1028e-04	0	0	0.761903	-0.0503195	0.248753	0.78115	1.09996
2302	18416	3.8346e-04	0	0	0.761887	-0.050324	0.248769	0.781143	1.09998
2352	18816	5.4306e-04	0	0	0.761878	-0.0503268	0.248778	0.781139	1.09998
