% # iter+eval+sigma+0+fitness+xbest (randomSeed=1653795566, Mon Aug 27 08:38:42 2018)
0	0	3.0000e-01	0	0.000000000000000e+00	0	0	0	0	0
1	8	2.7447e-01	0	1.155923364749044e+04	1.04172	0.591667	0.379073	0.735268	0.906789
2	16	2.5876e-01	0	1.756856338081248e+04	0.679538	0.243321	0.327783	0.586567	0.549141
3	24	2.5514e-01	0	8.555815883933228e+03	0.62111	0.258361	0.316717	0.750915	0.833348
4	32	2.5991e-01	0	2.521093439362990e+03	0.792033	0.0405946	0.257363	0.886811	0.938818
5	40	2.9313e-01	0	4.159285012152097e+03	1.04172	-0.226734	-0.204648	0.854619	1.15745
6	48	3.2223e-01	0	3.475091569178725e+03	1.28657	0.0886299	-0.42526	1.01036	1.10986
7	56	3.0544e-01	0	5.764450979127470e+03	1.18378	0.0395602	-0.20426	1.01206	0.961187
8	64	2.9208e-01	0	4.367144815723272e+03	1.45584	0.0820155	-0.201234	1.03177	0.984665
9	72	2.8529e-01	0	3.440417566685469e+03	1.47459	0.0656442	-0.268705	1.05067	1.18972
10	80	2.5494e-01	0	4.239282870151713e+03	1.41548	-0.311034	-0.460252	0.800597	0.952349
11	88	2.6755e-01	0	3.722988752438328e+03	0.733567	-0.00643637	0.0138631	0.885457	0.980565
12	96	2.3735e-01	0	2.660723962708936e+03	1.38326	-0.0468442	-0.227352	1.00483	1.14424
13	104	2.2436e-01	0	4.206012011742348e+03	0.932081	0.187191	0.19439	1.31003	0.963007
14	112	2.0344e-01	0	3.163528146297206e+03	1.46854	-0.215414	-0.253335	1.30083	1.22496
15	120	1.9772e-01	0	4.174866950800299e+03	0.707428	0.0535732	0.0831556	1.09136	1.16847
16	128	1.8840e-01	0	1.524505019633156e+03	1.45289	-0.106592	-0.206184	0.848963	1.13871
17	136	1.7802e-01	0	1.809297255149137e+03	0.749386	-0.0917144	0.31039	0.976629	1.13055
18	144	1.5908e-01	0	2.235313929504890e+03	0.730883	-0.0763123	0.278346	1.13324	1.06196
19	152	1.5053e-01	0	2.489297788061816e+03	0.721786	-0.173316	0.183371	0.962283	1.05772
20	160	1.3688e-01	0	2.156168792122188e+03	0.699736	-0.0723966	0.20832	1.02166	1.09024
21	168	1.4623e-01	0	2.075768587968130e+03	0.62492	-0.00726448	0.286625	0.665137	1.01331
22	176	1.5191e-01	0	1.821703838576039e+03	0.737522	-0.221978	0.276611	0.748744	1.17018
23	184	1.3537e-01	0	1.141099117852865e+03	0.834687	-0.0753428	0.188253	0.693296	1.14635
24	192	1.2354e-01	0	7.949291551418640e+02	0.707768	-0.0193758	0.197161	0.781507	1.16609
25	200	1.0148e-01	0	7.275840759343788e+02	0.745465	-0.0957541	0.229297	0.791136	1.17809
26	208	8.9352e-02	0	6.008092170252932e+02	0.805272	-0.0273308	0.183718	0.798971	1.09396
27	216	8.6675e-02	0	5.453623327742391e+02	0.746318	-0.0690741	0.300978	0.78471	1.14351
28	224	8.9948e-02	0	8.890432682421749e+02	0.75864	-0.022267	0.351114	0.826333	1.1321
29	232	7.7633e-02	0	5.108647145449536e+02	0.726486	-0.0249213	0.274	0.795423	1.14088
30	240	7.6232e-02	0	8.006118508593179e+02	0.731932	-0.0293853	0.350304	0.76421	1.11452
31	248	6.1628e-02	0	5.335626074201059e+02	0.776569	-0.0262371	0.294487	0.793274	1.14374
32	256	5.0634e-02	0	5.884399447950501e+02	0.787726	-0.0137807	0.314713	0.791217	1.11846
33	264	4.7596e-02	0	3.434042086504326e+02	0.772254	-0.0483255	0.266827	0.782483	1.10583
34	272	4.6003e-02	0	4.861585482994174e+02	0.774189	-0.00141008	0.275567	0.756156	1.1206
35	280	4.0988e-02	0	5.317588809218067e+02	0.745697	-0.00063941	0.296493	0.764788	1.09431
36	288	4.2426e-02	0	3.870588226855722e+02	0.744212	-0.0672798	0.252461	0.770236	1.12692
37	296	4.2620e-02	0	3.606248896844589e+02	0.753749	-0.0317817	0.241151	0.786049	1.08031
38	304	3.5463e-02	0	3.605239482139412e+02	0.782839	-0.0468862	0.25049	0.795233	1.11411
39	312	3.5009e-02	0	3.636573258967728e+02	0.765521	-0.0480741	0.228589	0.799644	1.11313
40	320	3.3657e-02	0	3.587309207407353e+02	0.733701	-0.0504468	0.255039	0.786493	1.0977
41	328	3.2247e-02	0	3.565844885698751e+02	0.758478	-0.0557346	0.223504	0.790451	1.10533
42	336	2.8268e-02	0	3.422496811579925e+02	0.762036	-0.0603481	0.232652	0.787752	1.09385
43	344	2.4622e-02	0	3.382374267043344e+02	0.756171	-0.0421391	0.238238	0.769629	1.10308
44	352	2.3625e-02	0	3.546580743217829e+02	0.75867	-0.0431301	0.25014	0.754617	1.09819
45	360	2.0861e-02	0	3.554483651654450e+02	0.746669	-0.058438	0.249045	0.790023	1.08156
46	368	1.8889e-02	0	3.353346564386193e+02	0.756566	-0.0398879	0.24493	0.788374	1.10854
47	376	1.5253e-02	0	3.294247849414079e+02	0.75593	-0.0520642	0.248575	0.790365	1.10053
48	384	1.4914e-02	0	3.342469078288825e+02	0.769136	-0.0577165	0.238874	0.781487	1.09444
49	392	1.3547e-02	0	3.308174475447842e+02	0.751341	-0.0541021	0.253523	0.784782	1.10109
50	400	1.1540e-02	0	3.273125684933594e+02	0.758148	-0.0498366	0.243536	0.784981	1.09653
51	408	1.0108e-02	0	3.251177225883270e+02	0.760241	-0.0516816	0.245975	0.781805	1.09839
52	416	1.0196e-02	0	3.257841301735562e+02	0.763263	-0.0502352	0.247365	0.775767	1.10013
53	424	9.6735e-03	0	3.287471531454044e+02	0.760303	-0.0589986	0.243958	0.783246	1.10219
54	432	8.7082e-03	0	3.266133841062882e+02	0.765939	-0.0528057	0.244819	0.777686	1.10072
55	440	8.2695e-03	0	3.269978057431040e+02	0.765997	-0.0463876	0.249	0.775314	1.10113
56	448	7.5428e-03	0	3.255602682597000e+02	0.757472	-0.0498132	0.249052	0.781411	1.10294
57	456	6.3162e-03	0	3.251232841702404e+02	0.761124	-0.0528425	0.248214	0.782259	1.10246
58	464	5.4837e-03	0	3.255028429205750e+02	0.761723	-0.0532277	0.245054	0.782476	1.10041
59	472	5.4073e-03	0	3.251834966374936e+02	0.759515	-0.0483738	0.248559	0.784346	1.09975
60	480	4.9258e-03	0	3.249158068029013e+02	0.759801	-0.0489747	0.248237	0.783609	1.10008
61	488	3.9259e-03	0	3.245080096051263e+02	0.761728	-0.0490392	0.248144	0.780692	1.09993
62	496	3.8526e-03	0	3.247281314856992e+02	0.760002	-0.0492365	0.248187	0.781755	1.09843
63	504	3.5221e-03	0	3.245629211320814e+02	0.760467	-0.050394	0.248984	0.780846	1.1001
64	512	3.2956e-03	0	3.245380968923513e+02	0.761506	-0.0511492	0.248376	0.780479	1.0999
65	520	3.1616e-03	0	3.246800267008645e+02	0.760574	-0.0511384	0.250169	0.779705	1.10004
66	528	2.7527e-03	0	3.245860890824126e+02	0.76137	-0.0485049	0.248366	0.781644	1.09984
67	536	2.5393e-03	0	3.245733161397679e+02	0.760257	-0.0497883	0.247847	0.781288	1.10003
68	544	2.2582e-03	0	3.246235454965421e+02	0.76044	-0.0501856	0.247812	0.780875	1.09926
69	552	2.1214e-03	0	3.245474211993142e+02	0.76111	-0.0510376	0.248263	0.780614	1.10035
70	560	1.8986e-03	0	3.244917497454040e+02	0.762447	-0.0505598	0.248634	0.780599	1.09973
71	568	1.6703e-03	0	3.244638448405843e+02	0.761087	-0.0504733	0.248598	0.780416	1.10011
72	576	1.3525e-03	0	3.244902845492097e+02	0.760749	-0.0502779	0.248634	0.780965	1.09961
73	584	1.2560e-03	0	3.244444891835382e+02	0.761345	-0.0498424	0.249166	0.781057	1.09958
74	592	1.3330e-03	0	3.244724984652247e+02	0.761616	-0.0506213	0.249208	0.78168	1.10032
75	600	1.2748e-03	0	3.244514853884435e+02	0.76097	-0.0498657	0.249606	0.781478	1.09994
76	608	1.0972e-03	0	3.244501273577512e+02	0.761491	-0.0502532	0.248748	0.781363	1.10004
77	616	9.5565e-04	0	3.244512397827057e+02	0.761965	-0.0500928	0.249059	0.781386	1.09977
78	624	1.1296e-03	0	3.244392874098792e+02	0.762009	-0.050326	0.248795	0.780735	1.09947
79	632	1.1786e-03	0	3.244580767998150e+02	0.761466	-0.0499768	0.249151	0.780326	1.09985
80	640	1.0390e-03	0	3.244669085137071e+02	0.761459	-0.0502506	0.249006	0.780361	1.09976
81	648	9.4595e-04	0	3.244512730595846e+02	0.761958	-0.049585	0.249188	0.780573	1.0996
82	656	7.9871e-04	0	3.244399483890198e+02	0.76171	-0.0500805	0.248678	0.780843	1.09981
83	664	6.7622e-04	0	3.244227712858552e+02	0.761369	-0.0501611	0.248875	0.780668	1.09971
84	672	6.0507e-04	0	3.244467403678012e+02	0.761628	-0.0502935	0.249012	0.780967	1.09992
85	680	5.1498e-04	0	3.244334291342775e+02	0.761333	-0.0501297	0.248993	0.780806	1.09981
86	688	4.8071e-04	0	3.244453172659131e+02	0.76142	-0.0503025	0.249155	0.780985	1.09973
87	696	4.3625e-04	0	3.244277388876203e+02	0.761648	-0.0504109	0.249104	0.781165	1.09991
88	704	4.0400e-04	0	3.244430484429755e+02	0.761574	-0.0502043	0.249007	0.781037	1.09993
89	712	3.6139e-04	0	3.244431552561285e+02	0.761661	-0.0502013	0.248949	0.781002	1.09994
90	720	3.7564e-04	0	3.244454415513495e+02	0.761749	-0.0502287	0.249112	0.780927	1.10004
91	728	4.1362e-04	0	3.244319012843642e+02	0.761474	-0.0502607	0.249202	0.780989	1.10008
92	736	4.6290e-04	0	3.244598944777675e+02	0.761781	-0.050001	0.249298	0.781056	1.10004
93	744	4.9125e-04	0	3.244383064666332e+02	0.761426	-0.0500353	0.249091	0.780992	1.09982
94	752	5.1733e-04	0	3.244266234345737e+02	0.761469	-0.0499932	0.249324	0.781308	1.10007
95	760	4.8724e-04	0	3.244179110107927e+02	0.761364	-0.0500301	0.249083	0.7811	1.10006
96	768	4.5069e-04	0	3.244305549390139e+02	0.761822	-0.0500409	0.249151	0.781021	1.10016
97	776	4.1836e-04	0	3.244525061172868e+02	0.761477	-0.0499628	0.249061	0.781218	1.09998
98	784	3.7542e-04	0	3.244457954777432e+02	0.761368	-0.0500366	0.249204	0.780961	1.09995
99	792	3.4547e-04	0	3.244606104787998e+02	0.761411	-0.05007	0.249302	0.780975	1.10004
100	800	3.4470e-04	0	3.244540340236899e+02	0.761392	-0.04972	0.249194	0.781021	1.09999
101	808	3.6696e-04	0	3.244489736535202e+02	0.761387	-0.0497517	0.249155	0.78109	1.10015
102	816	3.9047e-04	0	3.244380035958927e+02	0.761612	-0.0500259	0.248926	0.780929	1.10012
103	824	3.9825e-04	0	3.244159421398486e+02	0.761588	-0.050095	0.248983	0.780999	1.10009
104	832	4.0848e-04	0	3.244413402045573e+02	0.761425	-0.0501401	0.249036	0.781041	1.09997
105	840	3.7951e-04	0	3.244267511693436e+02	0.761593	-0.050212	0.248942	0.780873	1.10003
106	848	4.3974e-04	0	3.244270042778815e+02	0.76132	-0.0503131	0.248931	0.781006	1.10014
107	856	4.4665e-04	0	3.244414678589355e+02	0.76145	-0.0499907	0.248868	0.781067	1.10004
108	864	4.2434e-04	0	3.244373456707266e+02	0.76154	-0.0502994	0.248848	0.780994	1.10003
109	872	3.6875e-04	0	3.244278016908402e+02	0.76128	-0.0502579	0.248845	0.781154	1.10006
110	880	3.5119e-04	0	3.244472781771263e+02	0.761321	-0.0503122	0.248923	0.781008	1.10013
111	888	3.2226e-04	0	3.244442152871974e+02	0.761564	-0.0503	0.248943	0.781079	1.10013
112	896	3.3404e-04	0	3.244372875528334e+02	0.761588	-0.0506991	0.248927	0.780933	1.10019
113	904	3.2084e-04	0	3.244093537485341e+02	0.761356	-0.0504211	0.248864	0.781225	1.10009
114	912	3.5452e-04	0	3.244532079225448e+02	0.7614	-0.0504662	0.248884	0.781312	1.10013
115	920	3.4373e-04	0	3.244491477816738e+02	0.76147	-0.0506277	0.248839	0.781203	1.10017
116	928	3.1037e-04	0	3.244633399786111e+02	0.761488	-0.0503475	0.248979	0.781199	1.10006
117	936	2.8436e-04	0	3.244261396031511e+02	0.761556	-0.0503383	0.248982	0.781165	1.10013
118	944	2.5614e-04	0	3.244528398471135e+02	0.761393	-0.0504792	0.24897	0.781151	1.1002
119	952	2.9914e-04	0	3.244479112407315e+02	0.761418	-0.0505823	0.248998	0.780932	1.10019
120	960	3.0722e-04	0	3.244382134940715e+02	0.761444	-0.0505443	0.24901	0.7809	1.10016
121	968	2.4559e-04	0	3.244287651956188e+02	0.761519	-0.0504135	0.24897	0.781143	1.10018
122	976	2.1874e-04	0	3.244539576966177e+02	0.76148	-0.05051	0.248908	0.781153	1.10019
123	984	2.0072e-04	0	3.244500610198218e+02	0.761441	-0.0503972	0.248896	0.781111	1.10019
124	992	1.7610e-04	0	3.244405828206144e+02	0.761503	-0.0505239	0.248958	0.78104	1.10018
125	1000	1.4538e-04	0	3.244495688776552e+02	0.761527	-0.0505297	0.248941	0.781077	1.1002
126	1008	1.4239e-04	0	3.244356658278068e+02	0.761501	-0.0504154	0.249	0.78117	1.1002
127	1016	1.3205e-04	0	3.244428815412932e+02	0.761522	-0.0504912	0.248975	0.7811	1.10025
128	1024	1.3997e-04	0	3.244404139450797e+02	0.761537	-0.0505597	0.249027	0.781056	1.10019
129	1032	1.4344e-04	0	3.244409407883992e+02	0.761504	-0.050551	0.249004	0.78108	1.10019
130	1040	1.4615e-04	0	3.244630478627134e+02	0.761518	-0.0505743	0.249019	0.781067	1.10024
131	1048	1.4666e-04	0	3.244496028373173e+02	0.761546	-0.0505123	0.249049	0.78115	1.10025
132	1056	1.5166e-04	0	3.244379176744415e+02	0.761554	-0.0505644	0.249026	0.781044	1.10028
133	1064	1.4743e-04	0	3.244417510569701e+02	0.761519	-0.0505066	0.248992	0.781076	1.10024
134	1072	1.4022e-04	0	3.244492917909932e+02	0.76154	-0.0504583	0.248971	0.781177	1.10025
135	1080	1.2918e-04	0	3.244286851890305e+02	0.761518	-0.0504645	0.24899	0.781162	1.10025
136	1088	1.1026e-04	0	3.244453103991609e+02	0.761525	-0.0504656	0.248995	0.781133	1.10024
137	1096	9.9347e-05	0	3.244470414129699e+02	0.761519	-0.0504908	0.249007	0.781156	1.10022
138	1104	9.9816e-05	0	3.244424524637392e+02	0.761517	-0.0505237	0.249023	0.781116	1.10023
139	1112	9.3071e-05	0	3.244527359914793e+02	0.76151	-0.0504964	0.249008	0.781117	1.10025
140	1120	9.2738e-05	0	3.244482436380185e+02	0.761514	-0.0505412	0.249024	0.781075	1.10026
141	1128	1.1041e-04	0	3.244705746559093e+02	0.761533	-0.0505269	0.24905	0.781056	1.10028
142	1136	1.1785e-04	0	3.244355393561075e+02	0.761531	-0.050479	0.249016	0.78113	1.10026
143	1144	1.3206e-04	0	3.244481158777604e+02	0.761568	-0.050494	0.249031	0.781037	1.10027
144	1152	1.3537e-04	0	3.244371297151047e+02	0.761569	-0.0504927	0.249022	0.781035	1.10027
145	1160	1.3294e-04	0	3.244429454215043e+02	0.761588	-0.0504505	0.248994	0.781075	1.10029
146	1168	1.2323e-04	0	3.244607873070474e+02	0.761609	-0.0505452	0.249031	0.780986	1.10028
147	1176	1.2475e-04	0	3.244439882783495e+02	0.761599	-0.0505085	0.249021	0.781057	1.10031
148	1184	1.1637e-04	0	3.244407962840785e+02	0.761637	-0.0504949	0.249063	0.781027	1.1003
149	1192	1.0273e-04	0	3.244408968548452e+02	0.761592	-0.0504739	0.249025	0.781092	1.10029
150	1200	8.9984e-05	0	3.244563837732521e+02	0.761599	-0.0505017	0.249033	0.781077	1.10028
151	1208	7.8904e-05	0	3.244421564706747e+02	0.761615	-0.0504768	0.249038	0.781067	1.10029
152	1216	8.1006e-05	0	3.244325106511494e+02	0.761583	-0.0504605	0.249019	0.781048	1.10027
153	1224	8.6460e-05	0	3.244340066341417e+02	0.761614	-0.0504851	0.249021	0.781024	1.10028
154	1232	7.9114e-05	0	3.244494793111741e+02	0.761604	-0.0504833	0.249044	0.781048	1.10027
155	1240	8.1910e-05	0	3.244431548494610e+02	0.761578	-0.0504871	0.249044	0.781087	1.10026
156	1248	7.8285e-05	0	3.244311045106896e+02	0.761591	-0.0504727	0.249036	0.781067	1.10029
157	1256	7.2994e-05	0	3.244493215765401e+02	0.761558	-0.0504741	0.249029	0.781092	1.10028
158	1264	6.8642e-05	0	3.244402807346222e+02	0.761578	-0.0504502	0.249024	0.781086	1.10028
159	1272	7.5141e-05	0	3.244616546802800e+02	0.761588	-0.0504503	0.249039	0.781058	1.10028
160	1280	8.3379e-05	0	3.244368425699524e+02	0.761586	-0.0504453	0.249041	0.781044	1.10029
161	1288	9.3221e-05	0	3.244384605567207e+02	0.761576	-0.0504156	0.249057	0.781064	1.10028
162	1296	8.7253e-05	0	3.244407376101933e+02	0.761597	-0.0504317	0.249055	0.781029	1.1003
163	1304	8.2962e-05	0	3.244272145377325e+02	0.761622	-0.0503963	0.249046	0.78104	1.1003
164	1312	8.9376e-05	0	3.244299565159008e+02	0.761601	-0.0504087	0.249046	0.781087	1.10028
165	1320	8.3719e-05	0	3.244655831078459e+02	0.761605	-0.0504074	0.249056	0.781092	1.10029
166	1328	7.4447e-05	0	3.244455399130977e+02	0.76159	-0.0503943	0.24905	0.781111	1.1003
167	1336	7.5088e-05	0	3.244423457662911e+02	0.761583	-0.0504137	0.249037	0.781075	1.1003
168	1344	7.2076e-05	0	3.244519791470553e+02	0.761592	-0.0504327	0.249051	0.781066	1.1003
169	1352	6.6300e-05	0	3.244378009588875e+02	0.761593	-0.0504254	0.249045	0.781084	1.10029
170	1360	5.9341e-05	0	3.244291372000001e+02	0.761597	-0.0504319	0.24905	0.781066	1.1003
171	1368	5.2616e-05	0	3.244385168573328e+02	0.761602	-0.050418	0.24905	0.781087	1.1003
172	1376	5.6698e-05	0	3.244277433581821e+02	0.761586	-0.0504364	0.249041	0.7811	1.10029
173	1384	5.2791e-05	0	3.244356785969638e+02	0.761585	-0.0504383	0.24905	0.781092	1.10029
174	1392	5.5859e-05	0	3.244486148792002e+02	0.761576	-0.0504563	0.249044	0.781096	1.1003
175	1400	5.8793e-05	0	3.244432406759311e+02	0.761624	-0.0504492	0.249052	0.781067	1.1003
176	1408	5.3507e-05	0	3.244322215611995e+02	0.761604	-0.0504695	0.249045	0.781063	1.10031
177	1416	4.6223e-05	0	3.244345853008857e+02	0.761581	-0.0504325	0.24905	0.781098	1.1003
178	1424	4.1184e-05	0	3.244461862229226e+02	0.761594	-0.0504269	0.249048	0.781088	1.10029
179	1432	3.4186e-05	0	3.244475525646275e+02	0.761597	-0.0504436	0.249045	0.781088	1.1003
180	1440	3.4113e-05	0	3.244373424851715e+02	0.761599	-0.050437	0.249051	0.781087	1.10029
181	1448	2.9986e-05	0	3.244250491668748e+02	0.7616	-0.050431	0.249052	0.781084	1.1003
182	1456	2.5658e-05	0	3.244362460413172e+02	0.761594	-0.050442	0.24905	0.78108	1.1003
183	1464	3.0182e-05	0	3.244396415013948e+02	0.761592	-0.0504285	0.249049	0.781101	1.1003
184	1472	3.3528e-05	0	3.244516214135901e+02	0.761585	-0.0504261	0.24905	0.781117	1.1003
185	1480	3.0318e-05	0	3.244481876734611e+02	0.761593	-0.0504362	0.249052	0.781088	1.1003
186	1488	3.0837e-05	0	3.244258848701863e+02	0.761583	-0.0504395	0.24905	0.781096	1.1003
187	1496	3.1238e-05	0	3.244469423888187e+02	0.761586	-0.050442	0.24905	0.781097	1.10031
188	1504	2.5830e-05	0	3.244231953757459e+02	0.761583	-0.0504419	0.24905	0.781096	1.1003
189	1512	2.6009e-05	0	3.244381902431783e+02	0.761582	-0.050432	0.249051	0.781101	1.1003
190	1520	2.6057e-05	0	3.244489984319233e+02	0.761576	-0.0504386	0.249048	0.781113	1.10031
191	1528	2.5687e-05	0	3.244676633653858e+02	0.761582	-0.050434	0.249051	0.781111	1.10031
192	1536	2.3949e-05	0	3.244421232847066e+02	0.761584	-0.050436	0.249049	0.781095	1.1003
193	1544	2.5562e-05	0	3.244245146195211e+02	0.761579	-0.0504183	0.249048	0.781117	1.1003
194	1552	2.5029e-05	0	3.244354422686891e+02	0.761584	-0.0504233	0.249048	0.781111	1.1003
195	1560	2.3199e-05	0	3.244477700181467e+02	0.761587	-0.0504251	0.249049	0.781106	1.1003
196	1568	2.0815e-05	0	3.244441964435018e+02	0.761579	-0.0504312	0.249049	0.781108	1.1003
197	1576	2.0025e-05	0	3.244468832750068e+02	0.761589	-0.0504264	0.24905	0.7811	1.1003
198	1584	1.9662e-05	0	3.244493917781925e+02	0.761591	-0.0504336	0.249046	0.781097	1.1003
199	1592	1.8041e-05	0	3.244438434581563e+02	0.761587	-0.0504293	0.249047	0.781106	1.1003
200	1600	1.6284e-05	0	3.244420162110773e+02	0.761587	-0.0504254	0.249047	0.78111	1.1003
201	1608	1.5840e-05	0	3.244377244676712e+02	0.761586	-0.0504294	0.249046	0.781111	1.1003
202	1616	1.5320e-05	0	3.244468182486121e+02	0.761586	-0.0504287	0.249047	0.781112	1.1003
203	1624	1.5964e-05	0	3.244375375196609e+02	0.761589	-0.0504292	0.249046	0.78111	1.1003
204	1632	1.5664e-05	0	3.244379725527947e+02	0.761589	-0.050427	0.249045	0.781107	1.10029
205	1640	1.4617e-05	0	3.244504717560069e+02	0.761588	-0.050428	0.249046	0.781103	1.1003
206	1648	1.4154e-05	0	3.244437554660258e+02	0.761587	-0.0504266	0.249046	0.781106	1.1003
207	1656	1.2257e-05	0	3.244430886684846e+02	0.761585	-0.0504282	0.249045	0.78111	1.1003
208	1664	1.2754e-05	0	3.244569927430731e+02	0.761584	-0.0504305	0.249046	0.781107	1.1003
209	1672	1.3079e-05	0	3.244284606527036e+02	0.761586	-0.0504306	0.249045	0.781106	1.1003
210	1680	1.4410e-05	0	3.244585323089734e+02	0.761591	-0.0504316	0.249045	0.781101	1.1003
211	1688	1.4484e-05	0	3.244508275217774e+02	0.761589	-0.0504299	0.249044	0.781102	1.10029
212	1696	1.3447e-05	0	3.244375250358813e+02	0.761587	-0.0504312	0.249045	0.781109	1.10029
213	1704	1.3246e-05	0	3.244376777834831e+02	0.761587	-0.0504326	0.249044	0.781106	1.1003
214	1712	1.2405e-05	0	3.244593073871272e+02	0.76159	-0.0504284	0.249045	0.781109	1.1003
215	1720	1.1003e-05	0	3.244412410542745e+02	0.761589	-0.0504328	0.249044	0.781101	1.1003
216	1728	1.1276e-05	0	3.244625163235252e+02	0.76159	-0.0504321	0.249043	0.781101	1.1003
217	1736	1.2175e-05	0	3.244443312370487e+02	0.761591	-0.0504296	0.249045	0.781107	1.1003
218	1744	1.1433e-05	0	3.244339575882814e+02	0.761591	-0.0504365	0.249042	0.781101	1.1003
219	1752	1.1911e-05	0	3.244398456970363e+02	0.761593	-0.0504364	0.249043	0.7811	1.1003
220	1760	1.5715e-05	0	3.244659436839078e+02	0.761594	-0.05044	0.249043	0.781096	1.1003
221	1768	1.7307e-05	0	3.244369402365225e+02	0.761592	-0.0504408	0.249042	0.781098	1.1003
222	1776	1.9065e-05	0	3.244448206680860e+02	0.761589	-0.0504407	0.249041	0.781106	1.1003
223	1784	1.6970e-05	0	3.244565156107457e+02	0.761591	-0.0504408	0.249043	0.781102	1.1003
224	1792	1.6675e-05	0	3.244630208420546e+02	0.761587	-0.0504404	0.249041	0.781103	1.1003
225	1800	1.5587e-05	0	3.244570036934384e+02	0.761597	-0.0504422	0.249043	0.781091	1.10029
226	1808	1.4511e-05	0	3.244530985763641e+02	0.761592	-0.0504432	0.249041	0.781098	1.1003
227	1816	1.4578e-05	0	3.244454816501438e+02	0.761595	-0.0504432	0.24904	0.781096	1.10029
228	1824	1.2653e-05	0	3.244395052714540e+02	0.761597	-0.0504447	0.24904	0.781093	1.10029
229	1832	1.2384e-05	0	3.244444524624968e+02	0.761594	-0.05044	0.249042	0.781097	1.1003
230	1840	1.3323e-05	0	3.244401618219492e+02	0.761593	-0.0504363	0.249045	0.7811	1.1003
231	1848	1.1445e-05	0	3.244407756968953e+02	0.761595	-0.0504413	0.249041	0.781094	1.10029
232	1856	1.1839e-05	0	3.244316251863574e+02	0.761594	-0.0504405	0.249042	0.781094	1.10029
233	1864	1.2961e-05	0	3.244484855838487e+02	0.761594	-0.0504438	0.24904	0.781092	1.10029
234	1872	1.1991e-05	0	3.244164457938780e+02	0.761595	-0.0504388	0.24904	0.781092	1.10029
235	1880	1.0812e-05	0	3.244465056944656e+02	0.761596	-0.0504418	0.249041	0.781091	1.10029
236	1888	1.1097e-05	0	3.244307677147555e+02	0.761593	-0.050441	0.249041	0.781091	1.10029
237	1896	1.0327e-05	0	3.244384114739424e+02	0.761593	-0.05044	0.249042	0.781094	1.10029
238	1904	1.1849e-05	0	3.244538335173701e+02	0.761593	-0.0504417	0.249043	0.781092	1.1003
239	1912	1.2314e-05	0	3.244457101134181e+02	0.761593	-0.0504431	0.249042	0.781092	1.10029
240	1920	1.5383e-05	0	3.244284968179862e+02	0.761591	-0.0504447	0.249042	0.781094	1.10029
241	1928	1.5231e-05	0	3.244397763549519e+02	0.761591	-0.050443	0.249042	0.781096	1.10029
242	1936	1.4542e-05	0	3.244394348639750e+02	0.761589	-0.0504393	0.249044	0.7811	1.1003
243	1944	1.5487e-05	0	3.244341680349957e+02	0.761591	-0.050442	0.249044	0.781098	1.10029
244	1952	1.9569e-05	0	3.244234030466184e+02	0.761593	-0.0504501	0.249042	0.781093	1.10029
245	1960	2.4105e-05	0	3.244346268813933e+02	0.761597	-0.0504407	0.249045	0.781094	1.10029
246	1968	2.2694e-05	0	3.244605310839220e+02	0.761595	-0.0504413	0.249046	0.7811	1.1003
247	1976	2.2149e-05	0	3.244427972141745e+02	0.76159	-0.0504491	0.249044	0.781098	1.10029
248	1984	2.1657e-05	0	3.244419026683154e+02	0.761589	-0.050448	0.249045	0.781101	1.1003
249	1992	1.8365e-05	0	3.244366516907616e+02	0.761592	-0.0504505	0.249042	0.781094	1.10029
250	2000	1.8766e-05	0	3.244438703402600e+02	0.761589	-0.0504515	0.249043	0.781098	1.1003
251	2008	1.8529e-05	0	3.244332841888850e+02	0.76159	-0.0504505	0.249043	0.781097	1.1003
252	2016	2.1495e-05	0	3.244394023932009e+02	0.761595	-0.0504463	0.24904	0.781092	1.10029
253	2024	2.6102e-05	0	3.244404501522606e+02	0.761599	-0.0504435	0.249042	0.78109	1.1003
254	2032	2.7326e-05	0	3.244486586524003e+02	0.761601	-0.0504412	0.249043	0.781091	1.1003
255	2040	2.6777e-05	0	3.244474984465501e+02	0.761597	-0.0504516	0.249038	0.781092	1.1003
256	2048	2.6908e-05	0	3.244561671729113e+02	0.761593	-0.0504518	0.24904	0.7811	1.1003
257	2056	2.5172e-05	0	3.244538658940599e+02	0.761602	-0.0504487	0.249041	0.781093	1.1003
258	2064	2.1602e-05	0	3.244340884488882e+02	0.761597	-0.0504413	0.249043	0.781093	1.1003
259	2072	1.9665e-05	0	3.244432404829736e+02	0.761599	-0.0504496	0.249042	0.781093	1.10029
260	2080	2.2538e-05	0	3.244413096526878e+02	0.761593	-0.0504487	0.249044	0.781096	1.1003
261	2088	2.7501e-05	0	3.244458081539497e+02	0.761591	-0.0504331	0.24905	0.781103	1.1003
262	2096	2.8654e-05	0	3.244428653201978e+02	0.761591	-0.0504394	0.249044	0.781097	1.1003
263	2104	2.9980e-05	0	3.244484150130249e+02	0.761598	-0.0504445	0.249045	0.78109	1.1003
264	2112	2.4789e-05	0	3.244419991963985e+02	0.761597	-0.0504458	0.249042	0.781092	1.1003
265	2120	2.2822e-05	0	3.244224649117625e+02	0.761595	-0.0504393	0.249047	0.781099	1.1003
266	2128	2.1294e-05	0	3.244339371637187e+02	0.76159	-0.0504393	0.249047	0.781103	1.1003
267	2136	2.0153e-05	0	3.244438635320605e+02	0.761591	-0.0504396	0.249046	0.781103	1.1003
268	2144	2.1015e-05	0	3.244276575468066e+02	0.76159	-0.0504428	0.249047	0.781106	1.1003
269	2152	1.8911e-05	0	3.244338417078564e+02	0.761588	-0.0504389	0.249049	0.781105	1.1003
270	2160	1.5664e-05	0	3.244314718559158e+02	0.761593	-0.0504427	0.249045	0.7811	1.1003
271	2168	1.5547e-05	0	3.244431358093298e+02	0.761591	-0.0504396	0.249048	0.781099	1.1003
272	2176	1.3206e-05	0	3.244325011632115e+02	0.76159	-0.0504403	0.249048	0.781103	1.1003
273	2184	1.1795e-05	0	3.244635862777296e+02	0.761591	-0.0504396	0.249047	0.781102	1.1003
274	2192	1.0523e-05	0	3.244319258748370e+02	0.761592	-0.0504404	0.249047	0.781099	1.1003
275	2200	1.1112e-05	0	3.244378165218582e+02	0.76159	-0.0504398	0.249048	0.781102	1.1003
276	2208	1.2170e-05	0	3.244535171488595e+02	0.761587	-0.050439	0.24905	0.781107	1.1003
277	2216	1.3219e-05	0	3.244424320522000e+02	0.761588	-0.0504397	0.249049	0.781102	1.1003
278	2224	1.4252e-05	0	3.244656237078096e+02	0.76159	-0.0504375	0.24905	0.781101	1.1003
279	2232	1.5120e-05	0	3.244423476313233e+02	0.76159	-0.0504417	0.249048	0.7811	1.1003
280	2240	1.5986e-05	0	3.244315802740634e+02	0.761593	-0.0504368	0.249049	0.781101	1.1003
281	2248	1.6720e-05	0	3.244311550323258e+02	0.761592	-0.0504376	0.249049	0.781101	1.1003
282	2256	1.7113e-05	0	3.244398877825718e+02	0.761594	-0.0504395	0.249048	0.7811	1.1003
283	2264	1.7373e-05	0	3.244662322621320e+02	0.761594	-0.0504397	0.249051	0.781098	1.1003
284	2272	2.1337e-05	0	3.244621365316629e+02	0.761598	-0.0504472	0.249047	0.781095	1.1003
285	2280	2.3966e-05	0	3.244518328495426e+02	0.761592	-0.0504393	0.249053	0.7811	1.1003
286	2288	2.9366e-05	0	3.244406903500530e+02	0.761596	-0.0504427	0.249053	0.781095	1.1003
287	2296	3.6545e-05	0	3.244470431765624e+02	0.761611	-0.0504479	0.249049	0.78108	1.10029
288	2304	3.6681e-05	0	3.244294397004867e+02	0.761603	-0.0504434	0.249055	0.781085	1.1003
289	2312	3.7718e-05	0	3.244516076864363e+02	0.761603	-0.050445	0.249045	0.781089	1.10029
290	2320	3.3878e-05	0	3.244503143552669e+02	0.761604	-0.0504413	0.249048	0.781089	1.10029
291	2328	3.6904e-05	0	3.244408272491073e+02	0.761608	-0.0504351	0.24905	0.781084	1.10029
292	2336	3.9231e-05	0	3.244457486087158e+02	0.76161	-0.0504408	0.249046	0.78108	1.10029
293	2344	3.8114e-05	0	3.244481717650678e+02	0.761596	-0.0504379	0.249055	0.781098	1.1003
294	2352	4.0160e-05	0	3.244420774480947e+02	0.7616	-0.0504419	0.249059	0.781092	1.1003
295	2360	4.3512e-05	0	3.244546047284132e+02	0.761598	-0.0504462	0.249055	0.78109	1.10029
296	2368	3.8163e-05	0	3.244313577008578e+02	0.761606	-0.0504437	0.249051	0.781081	1.10029
297	2376	3.5784e-05	0	3.244441321804655e+02	0.761608	-0.0504389	0.249055	0.781077	1.10028
298	2384	3.4528e-05	0	3.244451195684696e+02	0.761603	-0.0504381	0.249051	0.781088	1.10029
299	2392	3.4416e-05	0	3.244368706005465e+02	0.761594	-0.0504422	0.249049	0.781097	1.10029
300	2400	3.8283e-05	0	3.244283760663586e+02	0.761598	-0.0504453	0.249046	0.781094	1.1003
301	2408	4.7211e-05	0	3.244407374519729e+02	0.761604	-0.0504422	0.249046	0.781084	1.1003
302	2416	4.8529e-05	0	3.244223843242189e+02	0.761596	-0.0504481	0.249049	0.781094	1.10029
303	2424	5.2082e-05	0	3.244396989795785e+02	0.761593	-0.0504559	0.249049	0.781093	1.10029
304	2432	5.4122e-05	0	3.244352512005707e+02	0.761597	-0.0504495	0.249055	0.781084	1.10029
305	2440	5.7101e-05	0	3.244333093103563e+02	0.761596	-0.0504352	0.24906	0.781087	1.10029
306	2448	6.0630e-05	0	3.244287770841266e+02	0.761594	-0.0504469	0.249063	0.781085	1.10029
307	2456	5.0745e-05	0	3.244483015968171e+02	0.761584	-0.0504491	0.249056	0.781095	1.10029
308	2464	5.0203e-05	0	3.244411081674059e+02	0.761586	-0.050451	0.249054	0.781098	1.10029
309	2472	5.9144e-05	0	3.244450136190755e+02	0.761573	-0.0504519	0.249066	0.781107	1.10029
310	2480	5.4510e-05	0	3.244513009698654e+02	0.761594	-0.05045	0.249051	0.78109	1.10029
311	2488	5.1679e-05	0	3.244242736124822e+02	0.76157	-0.0504397	0.249062	0.78111	1.10029
312	2496	4.6069e-05	0	3.244451668527460e+02	0.761581	-0.0504472	0.249059	0.7811	1.10029
313	2504	4.8212e-05	0	3.244363804576831e+02	0.761587	-0.0504497	0.249063	0.781085	1.10029
314	2512	4.6840e-05	0	3.244499526206438e+02	0.761585	-0.0504534	0.249058	0.781094	1.10029
315	2520	4.1375e-05	0	3.244546535333416e+02	0.761596	-0.0504559	0.249053	0.781085	1.10029
316	2528	3.7194e-05	0	3.244390059717398e+02	0.761587	-0.0504532	0.249055	0.781092	1.10029
317	2536	3.3266e-05	0	3.244349138229832e+02	0.76158	-0.0504554	0.249059	0.7811	1.10029
318	2544	2.8314e-05	0	3.244569504839425e+02	0.761587	-0.0504509	0.249054	0.781094	1.10029
319	2552	2.9145e-05	0	3.244638850292503e+02	0.761572	-0.0504555	0.24906	0.781109	1.10029
320	2560	2.9586e-05	0	3.244294004944176e+02	0.761576	-0.050455	0.249062	0.781103	1.10029
321	2568	2.7306e-05	0	3.244376900524793e+02	0.761578	-0.0504534	0.249059	0.781101	1.10029
322	2576	2.8363e-05	0	3.244520139084786e+02	0.761583	-0.0504555	0.249053	0.781096	1.10029
323	2584	3.1493e-05	0	3.244416231473816e+02	0.761567	-0.05046	0.249059	0.781113	1.10029
324	2592	3.5260e-05	0	3.244285531718947e+02	0.761582	-0.050455	0.249058	0.781099	1.10029
325	2600	4.0045e-05	0	3.244602785400982e+02	0.76157	-0.0504611	0.249053	0.781109	1.10029
326	2608	4.1698e-05	0	3.244454334602981e+02	0.761562	-0.0504599	0.24906	0.781117	1.10029
327	2616	3.8542e-05	0	3.244477456575717e+02	0.761574	-0.0504638	0.249054	0.781102	1.10029
328	2624	3.6397e-05	0	3.244492404099490e+02	0.761558	-0.050466	0.24906	0.781125	1.10029
329	2632	3.1773e-05	0	3.244169838068788e+02	0.76156	-0.050462	0.249059	0.781124	1.10029
330	2640	2.9739e-05	0	3.244355717887652e+02	0.761558	-0.050458	0.249062	0.781123	1.10029
331	2648	2.7824e-05	0	3.244657598451972e+02	0.761561	-0.0504587	0.24906	0.781115	1.10029
332	2656	2.7747e-05	0	3.244516222742686e+02	0.761563	-0.0504565	0.249062	0.781113	1.10029
333	2664	2.8667e-05	0	3.244497041294206e+02	0.761558	-0.0504604	0.249059	0.781119	1.10029
334	2672	2.9107e-05	0	3.244372674599355e+02	0.761552	-0.0504588	0.249065	0.781118	1.10029
335	2680	3.0444e-05	0	3.244271223579775e+02	0.761561	-0.0504531	0.249062	0.781111	1.10029
336	2688	2.8896e-05	0	3.244480762291548e+02	0.76156	-0.0504539	0.249061	0.781112	1.10029
337	2696	2.6318e-05	0	3.244378071403717e+02	0.761553	-0.0504566	0.249058	0.78112	1.10029
338	2704	2.4018e-05	0	3.244441634289166e+02	0.761562	-0.0504519	0.249061	0.78111	1.10029
339	2712	2.0349e-05	0	3.244406063403183e+02	0.761563	-0.0504542	0.249061	0.78111	1.10029
340	2720	2.2412e-05	0	3.244428152271659e+02	0.761563	-0.0504567	0.24906	0.781112	1.10029
341	2728	2.0581e-05	0	3.244355825612399e+02	0.761563	-0.0504574	0.24906	0.781112	1.10029
342	2736	1.9619e-05	0	3.244509518424105e+02	0.761562	-0.0504548	0.24906	0.781114	1.10029
343	2744	1.8957e-05	0	3.244543789495958e+02	0.761558	-0.0504534	0.249062	0.781115	1.10029
344	2752	1.6130e-05	0	3.244382005141786e+02	0.761562	-0.050458	0.249059	0.781115	1.10029
345	2760	1.5219e-05	0	3.244267997343648e+02	0.761561	-0.0504566	0.249059	0.781111	1.10029
346	2768	1.6619e-05	0	3.244415118663372e+02	0.761558	-0.050455	0.249061	0.781117	1.10029
347	2776	2.0316e-05	0	3.244370838476204e+02	0.761553	-0.0504536	0.249064	0.781119	1.10029
348	2784	1.7184e-05	0	3.244481944170302e+02	0.761559	-0.0504548	0.24906	0.781114	1.10029
349	2792	1.7946e-05	0	3.244485519298178e+02	0.761553	-0.0504562	0.249062	0.781121	1.10029
350	2800	2.0378e-05	0	3.244538859902425e+02	0.761558	-0.0504542	0.249061	0.781113	1.10029
351	2808	2.0324e-05	0	3.244524015804068e+02	0.76156	-0.0504527	0.249061	0.78111	1.10029
352	2816	1.9574e-05	0	3.244487992227490e+02	0.76155	-0.0504547	0.249063	0.781121	1.10029
353	2824	1.6928e-05	0	3.244340950006450e+02	0.761552	-0.0504542	0.249063	0.78112	1.10029
354	2832	1.8624e-05	0	3.244423963483459e+02	0.761552	-0.0504579	0.249059	0.781122	1.10029
355	2840	2.0195e-05	0	3.244331194585232e+02	0.761551	-0.0504585	0.249059	0.781122	1.10029
356	2848	2.4015e-05	0	3.244491578361922e+02	0.761544	-0.0504578	0.249063	0.781127	1.10029
357	2856	2.5097e-05	0	3.244459098816263e+02	0.761546	-0.0504601	0.24906	0.781124	1.10029
358	2864	2.3544e-05	0	3.244381961052122e+02	0.76155	-0.0504569	0.249061	0.781123	1.10029
359	2872	2.3352e-05	0	3.244537647366009e+02	0.761546	-0.0504566	0.24906	0.781124	1.10029
360	2880	2.2453e-05	0	3.244467657927151e+02	0.761542	-0.0504566	0.24906	0.781129	1.10029
361	2888	2.0945e-05	0	3.244621374682554e+02	0.761549	-0.0504575	0.249059	0.781125	1.10029
362	2896	1.8239e-05	0	3.244549950719914e+02	0.761548	-0.0504559	0.24906	0.781125	1.10029
363	2904	1.8212e-05	0	3.244716497380708e+02	0.76154	-0.0504569	0.249062	0.781129	1.10029
364	2912	2.0130e-05	0	3.244539875586754e+02	0.761544	-0.0504596	0.249062	0.781127	1.1003
365	2920	2.1442e-05	0	3.244489398339426e+02	0.761544	-0.0504572	0.249062	0.781126	1.1003
366	2928	1.9499e-05	0	3.244618970409105e+02	0.761541	-0.0504584	0.249062	0.781129	1.1003
367	2936	2.0612e-05	0	3.244462005438953e+02	0.761539	-0.0504606	0.249061	0.781128	1.1003
368	2944	2.0077e-05	0	3.244398521576563e+02	0.76155	-0.0504572	0.24906	0.78112	1.10029
369	2952	1.9714e-05	0	3.244452587678499e+02	0.761543	-0.0504589	0.249063	0.781124	1.1003
370	2960	2.0130e-05	0	3.244432565215894e+02	0.761551	-0.0504553	0.249061	0.781119	1.10029
371	2968	2.0727e-05	0	3.244316711833608e+02	0.761551	-0.0504568	0.249061	0.781118	1.10029
372	2976	2.0992e-05	0	3.244376869558637e+02	0.761551	-0.0504577	0.249059	0.781121	1.10029
373	2984	2.0903e-05	0	3.244363205933690e+02	0.761552	-0.0504538	0.249061	0.781119	1.10029
374	2992	2.2907e-05	0	3.244383434443763e+02	0.761553	-0.0504543	0.24906	0.78112	1.10029
375	3000	2.0332e-05	0	3.244503998010042e+02	0.761549	-0.0504569	0.249061	0.781121	1.10029
376	3008	1.9053e-05	0	3.244538543146435e+02	0.761555	-0.0504581	0.249059	0.781118	1.10029
377	3016	2.0012e-05	0	3.244446400417903e+02	0.761548	-0.0504602	0.24906	0.781123	1.10029
378	3024	1.8851e-05	0	3.244578159285740e+02	0.761556	-0.0504554	0.249058	0.781117	1.10029
379	3032	2.0499e-05	0	3.244596884446635e+02	0.761554	-0.0504556	0.249059	0.781114	1.10029
380	3040	2.7203e-05	0	3.244381337718729e+02	0.761556	-0.0504546	0.249059	0.781111	1.10029
381	3048	2.9022e-05	0	3.244467839689471e+02	0.761562	-0.0504519	0.249058	0.781108	1.10029
382	3056	2.6892e-05	0	3.244470061935351e+02	0.761553	-0.0504566	0.24906	0.781118	1.10029
383	3064	2.9239e-05	0	3.244367895802960e+02	0.761559	-0.0504586	0.249056	0.781112	1.10029
384	3072	2.8910e-05	0	3.244411125563758e+02	0.761557	-0.0504595	0.249056	0.781112	1.10029
385	3080	3.2279e-05	0	3.244440967298904e+02	0.76156	-0.0504599	0.249053	0.781111	1.10028
386	3088	2.6494e-05	0	3.244271768598311e+02	0.761561	-0.0504586	0.249054	0.781111	1.10029
387	3096	2.3650e-05	0	3.244501032754537e+02	0.761554	-0.0504594	0.249057	0.781118	1.10029
388	3104	2.3308e-05	0	3.244421511681611e+02	0.76156	-0.0504586	0.249055	0.781113	1.10028
389	3112	2.2313e-05	0	3.244432128922844e+02	0.761563	-0.0504592	0.249052	0.781111	1.10028
390	3120	2.2763e-05	0	3.244475468293994e+02	0.761562	-0.0504579	0.249053	0.781111	1.10028
391	3128	2.2955e-05	0	3.244267996094567e+02	0.761566	-0.0504573	0.249052	0.78111	1.10028
392	3136	2.2060e-05	0	3.244405718972222e+02	0.761566	-0.0504559	0.249053	0.781108	1.10028
393	3144	2.1980e-05	0	3.244415416842144e+02	0.761564	-0.0504542	0.249053	0.781108	1.10028
394	3152	1.8719e-05	0	3.244268003917613e+02	0.761571	-0.0504542	0.249052	0.781104	1.10028
395	3160	1.8240e-05	0	3.244428557066680e+02	0.761567	-0.0504585	0.24905	0.781109	1.10028
396	3168	1.7716e-05	0	3.244192923731653e+02	0.761567	-0.0504557	0.249052	0.781108	1.10028
397	3176	1.9797e-05	0	3.244647597935934e+02	0.76157	-0.0504539	0.249052	0.781107	1.10028
398	3184	1.6298e-05	0	3.244477392326488e+02	0.761568	-0.0504549	0.249052	0.781107	1.10028
399	3192	1.5454e-05	0	3.244662202894588e+02	0.761567	-0.0504544	0.249053	0.781108	1.10028
400	3200	1.5623e-05	0	3.244496895871965e+02	0.761567	-0.0504533	0.249052	0.781107	1.10028
401	3208	1.6501e-05	0	3.244363813906555e+02	0.761567	-0.0504575	0.249051	0.781107	1.10028
402	3216	1.5484e-05	0	3.244389013711001e+02	0.761568	-0.0504567	0.249051	0.781107	1.10028
403	3224	1.5598e-05	0	3.244337886190792e+02	0.761565	-0.0504581	0.249051	0.781109	1.10028
404	3232	1.7179e-05	0	3.244465339482886e+02	0.761565	-0.0504595	0.249052	0.781109	1.10028
405	3240	1.5925e-05	0	3.244478683890803e+02	0.761565	-0.0504592	0.249051	0.781111	1.10028
406	3248	1.5788e-05	0	3.244456749718306e+02	0.761568	-0.0504583	0.249051	0.781109	1.10028
407	3256	1.2862e-05	0	3.244377155719664e+02	0.761566	-0.0504577	0.249052	0.781109	1.10028
408	3264	1.2848e-05	0	3.244587259261694e+02	0.76157	-0.0504586	0.24905	0.781107	1.10028
409	3272	1.1505e-05	0	3.244335456140506e+02	0.761566	-0.050459	0.249051	0.781111	1.10028
410	3280	1.1942e-05	0	3.244384250437654e+02	0.761566	-0.0504592	0.24905	0.78111	1.10028
411	3288	1.2535e-05	0	3.244300171222109e+02	0.761568	-0.0504577	0.24905	0.781109	1.10028
412	3296	1.1139e-05	0	3.244403162780260e+02	0.761567	-0.0504589	0.24905	0.78111	1.10028
413	3304	1.2261e-05	0	3.244396815072432e+02	0.761569	-0.0504583	0.249049	0.781109	1.10028
414	3312	1.3482e-05	0	3.244617044963426e+02	0.761568	-0.0504558	0.24905	0.781108	1.10028
415	3320	1.5119e-05	0	3.244352102240309e+02	0.761569	-0.0504557	0.24905	0.781109	1.10028
416	3328	1.4347e-05	0	3.244367921030917e+02	0.76157	-0.0504553	0.24905	0.781106	1.10028
417	3336	1.5356e-05	0	3.244458070213548e+02	0.76157	-0.0504532	0.24905	0.781107	1.10028
418	3344	1.4285e-05	0	3.244555409873078e+02	0.761571	-0.050456	0.249049	0.781106	1.10028
419	3352	1.3503e-05	0	3.244645938710227e+02	0.761573	-0.0504541	0.249049	0.781105	1.10028
420	3360	1.6018e-05	0	3.244337361188968e+02	0.761573	-0.050452	0.249049	0.781103	1.10027
421	3368	1.6551e-05	0	3.244198943962469e+02	0.761573	-0.0504542	0.249048	0.781106	1.10028
422	3376	1.6542e-05	0	3.244287815514217e+02	0.761576	-0.0504521	0.249047	0.781103	1.10027
423	3384	1.6012e-05	0	3.244548253816309e+02	0.761572	-0.050454	0.249048	0.781108	1.10028
424	3392	1.8131e-05	0	3.244508334537364e+02	0.761571	-0.0504565	0.249047	0.781111	1.10028
425	3400	1.8865e-05	0	3.244443015236399e+02	0.761571	-0.0504541	0.249048	0.781109	1.10028
426	3408	1.8464e-05	0	3.244538282333947e+02	0.76157	-0.0504534	0.249049	0.781109	1.10028
427	3416	1.8309e-05	0	3.244312047120695e+02	0.761567	-0.0504574	0.249048	0.781114	1.10028
428	3424	1.7766e-05	0	3.244558747817973e+02	0.761573	-0.0504526	0.249048	0.781108	1.10028
429	3432	1.5925e-05	0	3.244586816119026e+02	0.761572	-0.0504546	0.249048	0.78111	1.10028
430	3440	1.5772e-05	0	3.244449002889232e+02	0.761575	-0.0504514	0.249048	0.781107	1.10028
431	3448	1.7489e-05	0	3.244264646656015e+02	0.761573	-0.0504535	0.249048	0.781109	1.10028
432	3456	1.8743e-05	0	3.244524165142606e+02	0.76157	-0.0504558	0.249048	0.781113	1.10028
433	3464	1.8812e-05	0	3.244448392746286e+02	0.761568	-0.0504571	0.249048	0.781117	1.10028
434	3472	1.6861e-05	0	3.244325291899370e+02	0.761571	-0.0504529	0.249049	0.78111	1.10028
435	3480	1.7356e-05	0	3.244436221767689e+02	0.761569	-0.0504536	0.249048	0.781112	1.10028
436	3488	1.8448e-05	0	3.244573498115923e+02	0.761573	-0.0504503	0.249048	0.781106	1.10028
437	3496	2.0616e-05	0	3.244440471997279e+02	0.761573	-0.050451	0.249048	0.781105	1.10027
438	3504	2.1205e-05	0	3.244361460386839e+02	0.761569	-0.0504505	0.249049	0.781107	1.10028
439	3512	1.8988e-05	0	3.244346355638885e+02	0.76157	-0.0504533	0.249049	0.781111	1.10028
440	3520	2.1585e-05	0	3.244449095339081e+02	0.76157	-0.0504559	0.249048	0.781113	1.10028
441	3528	2.2226e-05	0	3.244682668814614e+02	0.761564	-0.0504557	0.249049	0.781116	1.10028
442	3536	2.0533e-05	0	3.244364108385041e+02	0.761566	-0.0504601	0.249049	0.781117	1.10028
443	3544	2.1532e-05	0	3.244257301873808e+02	0.761562	-0.0504577	0.249051	0.781115	1.10028
444	3552	1.9215e-05	0	3.244342451721773e+02	0.761567	-0.0504562	0.249049	0.781113	1.10028
445	3560	1.8350e-05	0	3.244455608004710e+02	0.761567	-0.0504569	0.24905	0.781111	1.10028
446	3568	1.7265e-05	0	3.244415346941079e+02	0.761567	-0.0504549	0.24905	0.781111	1.10028
447	3576	1.7883e-05	0	3.244374129117972e+02	0.761563	-0.050458	0.249051	0.781115	1.10028
448	3584	1.8013e-05	0	3.244435632920373e+02	0.761567	-0.050456	0.24905	0.781112	1.10028
449	3592	1.6219e-05	0	3.244346198387503e+02	0.761566	-0.050455	0.249051	0.781111	1.10028
450	3600	1.8267e-05	0	3.244345165311719e+02	0.761569	-0.0504536	0.249049	0.781109	1.10028
451	3608	1.9322e-05	0	3.244299959318323e+02	0.761569	-0.0504536	0.249049	0.781107	1.10028
452	3616	2.4514e-05	0	3.244340282219176e+02	0.761568	-0.0504501	0.249049	0.781109	1.10028
453	3624	3.0093e-05	0	3.244415064143049e+02	0.761569	-0.050452	0.249047	0.781108	1.10028
454	3632	3.2586e-05	0	3.244591164686274e+02	0.761569	-0.050453	0.249047	0.781108	1.10028
455	3640	3.3771e-05	0	3.244434512326102e+02	0.761572	-0.0504479	0.249046	0.781102	1.10027
456	3648	3.3756e-05	0	3.244258866429354e+02	0.761576	-0.05045	0.249047	0.781101	1.10027
457	3656	3.9903e-05	0	3.244663048375816e+02	0.761576	-0.0504508	0.249045	0.781103	1.10027
458	3664	3.4732e-05	0	3.244241455303210e+02	0.761571	-0.0504491	0.249048	0.7811	1.10027
459	3672	3.5525e-05	0	3.244305659563875e+02	0.761574	-0.0504517	0.249044	0.781101	1.10027
460	3680	3.5587e-05	0	3.244550362180280e+02	0.76157	-0.0504543	0.249046	0.781103	1.10027
461	3688	3.5985e-05	0	3.244483219360903e+02	0.761575	-0.0504523	0.249046	0.781099	1.10027
462	3696	3.9014e-05	0	3.244417586889460e+02	0.761588	-0.0504443	0.249041	0.781088	1.10026
463	3704	3.7119e-05	0	3.244408372530805e+02	0.76158	-0.0504467	0.249044	0.781091	1.10027
464	3712	3.4071e-05	0	3.244486315526133e+02	0.761577	-0.0504523	0.249044	0.781094	1.10027
465	3720	3.0594e-05	0	3.244535884285686e+02	0.761578	-0.0504496	0.249044	0.781094	1.10027
466	3728	3.0796e-05	0	3.244423562383585e+02	0.76157	-0.0504547	0.249045	0.781104	1.10027
467	3736	3.1284e-05	0	3.244452815361388e+02	0.761575	-0.050453	0.249043	0.781098	1.10027
468	3744	3.1878e-05	0	3.244270358826175e+02	0.761577	-0.050448	0.249041	0.781095	1.10027
469	3752	3.2226e-05	0	3.244334682272753e+02	0.761571	-0.0504514	0.249043	0.781105	1.10027
470	3760	3.2863e-05	0	3.244229557093782e+02	0.761569	-0.0504534	0.249043	0.781105	1.10027
471	3768	3.1203e-05	0	3.244200705426536e+02	0.761574	-0.0504499	0.249042	0.781101	1.10027
472	3776	3.2233e-05	0	3.244402044233900e+02	0.761578	-0.0504486	0.249042	0.7811	1.10027
473	3784	3.2924e-05	0	3.244547031120105e+02	0.761574	-0.0504472	0.249043	0.781098	1.10027
474	3792	3.3337e-05	0	3.244307384052749e+02	0.761573	-0.0504527	0.249045	0.781102	1.10027
475	3800	3.2140e-05	0	3.244392025899377e+02	0.761571	-0.0504538	0.249045	0.781105	1.10027
476	3808	3.1486e-05	0	3.244536924126067e+02	0.761576	-0.0504522	0.249044	0.781099	1.10027
477	3816	2.6915e-05	0	3.244599167772643e+02	0.761573	-0.0504529	0.249043	0.781105	1.10027
478	3824	2.8119e-05	0	3.244415963801368e+02	0.761573	-0.050453	0.249043	0.781108	1.10027
479	3832	3.1511e-05	0	3.244461118465672e+02	0.761573	-0.0504559	0.249044	0.781108	1.10027
480	3840	3.1689e-05	0	3.244451660968127e+02	0.761573	-0.0504551	0.249043	0.781107	1.10027
481	3848	3.6073e-05	0	3.244460476059838e+02	0.761571	-0.0504586	0.249044	0.781112	1.10027
482	3856	3.5256e-05	0	3.244455333952664e+02	0.761577	-0.0504566	0.249042	0.781106	1.10027
483	3864	3.7762e-05	0	3.244356439588043e+02	0.761568	-0.0504611	0.249044	0.78112	1.10028
484	3872	3.8489e-05	0	3.244314363224024e+02	0.761566	-0.0504645	0.249044	0.781122	1.10028
485	3880	3.8489e-05	0	3.244336950952930e+02	0.761569	-0.0504615	0.249045	0.781116	1.10028
486	3888	4.0419e-05	0	3.244485757807465e+02	0.761569	-0.0504636	0.249044	0.781117	1.10028
487	3896	3.9525e-05	0	3.244524470919462e+02	0.761562	-0.0504629	0.249046	0.781117	1.10028
488	3904	3.7699e-05	0	3.244499894837807e+02	0.761563	-0.0504646	0.249044	0.781125	1.10028
489	3912	3.9614e-05	0	3.244469266082710e+02	0.761564	-0.0504649	0.249046	0.781124	1.10028
490	3920	4.2695e-05	0	3.244572892007806e+02	0.761556	-0.050468	0.24905	0.781129	1.10029
491	3928	4.8708e-05	0	3.244228549343040e+02	0.761558	-0.0504653	0.249049	0.781123	1.10028
492	3936	4.7744e-05	0	3.244391520718085e+02	0.761558	-0.0504679	0.249049	0.781123	1.10028
493	3944	5.2564e-05	0	3.244436701950495e+02	0.761564	-0.0504707	0.249048	0.781121	1.10028
494	3952	5.0555e-05	0	3.244540977400500e+02	0.76156	-0.0504732	0.24905	0.781124	1.10029
495	3960	5.8120e-05	0	3.244397032428284e+02	0.761568	-0.0504705	0.249047	0.781117	1.10028
496	3968	6.2600e-05	0	3.244522973553103e+02	0.761565	-0.0504727	0.249049	0.781123	1.10028
497	3976	7.8111e-05	0	3.244566435410584e+02	0.761559	-0.0504786	0.249051	0.781127	1.10028
498	3984	9.0715e-05	0	3.244408109565542e+02	0.761572	-0.0504751	0.249046	0.781119	1.10028
499	3992	9.5619e-05	0	3.244369147247465e+02	0.761559	-0.0504854	0.249046	0.781136	1.10028
500	4000	1.0238e-04	0	3.244461652840221e+02	0.76157	-0.0504697	0.249047	0.781113	1.10027
501	4008	1.0886e-04	0	3.244375921788387e+02	0.761559	-0.0504804	0.249048	0.781129	1.10028
502	4016	1.0460e-04	0	3.244410431126342e+02	0.761556	-0.0504845	0.249052	0.781136	1.10028
503	4024	9.0686e-05	0	3.244534126990471e+02	0.761559	-0.0504783	0.24905	0.781126	1.10028
504	4032	9.0114e-05	0	3.244549643257598e+02	0.761573	-0.0504691	0.249047	0.781112	1.10027
505	4040	9.0468e-05	0	3.244460769590565e+02	0.761555	-0.0504845	0.249052	0.781139	1.10029
506	4048	9.1843e-05	0	3.244442652382814e+02	0.761554	-0.050481	0.249055	0.781136	1.10029
507	4056	8.5109e-05	0	3.244268333417540e+02	0.761567	-0.0504755	0.249047	0.781128	1.10028
508	4064	1.0419e-04	0	3.244532671267051e+02	0.761572	-0.0504669	0.249051	0.781125	1.10028
509	4072	1.1810e-04	0	3.244433268626708e+02	0.761585	-0.0504578	0.249043	0.781107	1.10027
510	4080	1.1175e-04	0	3.244273281027999e+02	0.76157	-0.0504655	0.249053	0.781116	1.10028
511	4088	1.2032e-04	0	3.244304226287774e+02	0.761591	-0.05045	0.249041	0.781108	1.10027
512	4096	1.1172e-04	0	3.244365326832378e+02	0.761573	-0.0504713	0.249046	0.781127	1.10028
513	4104	1.0320e-04	0	3.244448273090456e+02	0.761586	-0.0504571	0.249041	0.781115	1.10027
514	4112	1.1281e-04	0	3.244332188616845e+02	0.76161	-0.0504306	0.249033	0.781092	1.10025
515	4120	1.0853e-04	0	3.244297383007529e+02	0.761564	-0.0504765	0.249056	0.781128	1.10029
516	4128	1.1477e-04	0	3.244552648418672e+02	0.761586	-0.0504538	0.249052	0.7811	1.10027
517	4136	1.1192e-04	0	3.244393765958083e+02	0.761584	-0.0504546	0.249055	0.781105	1.10028
518	4144	1.1645e-04	0	3.244493704099350e+02	0.761565	-0.0504772	0.249059	0.781128	1.10029
519	4152	1.4400e-04	0	3.244569200552621e+02	0.761569	-0.0504817	0.249061	0.781121	1.10029
520	4160	1.4554e-04	0	3.244625897702184e+02	0.761561	-0.0504937	0.249056	0.781141	1.10029
521	4168	1.5889e-04	0	3.244514414146606e+02	0.761581	-0.0504806	0.249055	0.78113	1.10028
522	4176	1.4528e-04	0	3.244426136416396e+02	0.761571	-0.0504963	0.249065	0.781118	1.10029
523	4184	1.6401e-04	0	3.244327163018983e+02	0.761577	-0.0504984	0.249063	0.781111	1.10028
524	4192	1.5104e-04	0	3.244459525017661e+02	0.761568	-0.0505005	0.249064	0.781125	1.10029
525	4200	1.5057e-04	0	3.244329474352130e+02	0.761596	-0.0504669	0.249046	0.781105	1.10027
526	4208	1.3963e-04	0	3.244345937459379e+02	0.761597	-0.0504722	0.249057	0.781091	1.10027
527	4216	1.3371e-04	0	3.244315237580990e+02	0.761614	-0.050455	0.249043	0.781089	1.10026
528	4224	1.3612e-04	0	3.244355151828794e+02	0.761588	-0.050468	0.249048	0.781111	1.10027
529	4232	1.3552e-04	0	3.244433513348339e+02	0.761592	-0.0504586	0.249043	0.781114	1.10027
530	4240	1.2717e-04	0	3.244450832414339e+02	0.761606	-0.0504483	0.249039	0.781097	1.10026
531	4248	1.0935e-04	0	3.244483719533115e+02	0.761595	-0.0504636	0.249044	0.781109	1.10027
532	4256	1.1484e-04	0	3.244500086407385e+02	0.761619	-0.0504353	0.249031	0.781084	1.10025
533	4264	1.2548e-04	0	3.244282318897400e+02	0.76162	-0.0504534	0.249043	0.781077	1.10025
534	4272	1.1778e-04	0	3.244392511539927e+02	0.761607	-0.0504598	0.249048	0.781087	1.10026
535	4280	1.2207e-04	0	3.244416115524448e+02	0.761618	-0.0504564	0.249051	0.781071	1.10026
536	4288	1.1861e-04	0	3.244448747525780e+02	0.761617	-0.0504536	0.249048	0.781082	1.10026
537	4296	1.3457e-04	0	3.244449552349121e+02	0.761615	-0.0504417	0.24905	0.781071	1.10026
538	4304	1.3095e-04	0	3.244387793064711e+02	0.761614	-0.0504592	0.249052	0.781069	1.10026
539	4312	1.4249e-04	0	3.244415321579714e+02	0.761608	-0.0504552	0.249057	0.781066	1.10026
540	4320	1.7435e-04	0	3.244304182898616e+02	0.761595	-0.0504512	0.249061	0.781069	1.10027
541	4328	1.8950e-04	0	3.244504908230114e+02	0.761623	-0.0504406	0.249052	0.781048	1.10025
542	4336	2.5265e-04	0	3.244357984076045e+02	0.761645	-0.0503962	0.249046	0.781013	1.10023
543	4344	2.4854e-04	0	3.244368131616226e+02	0.761641	-0.050404	0.249036	0.78104	1.10023
544	4352	2.3928e-04	0	3.244485588633185e+02	0.761624	-0.0504371	0.249036	0.781067	1.10024
545	4360	2.2243e-04	0	3.244478038659701e+02	0.761621	-0.0504219	0.249038	0.78106	1.10024
546	4368	2.5959e-04	0	3.244440671986035e+02	0.761664	-0.0503693	0.249015	0.781032	1.10021
547	4376	2.6351e-04	0	3.244503151713541e+02	0.761623	-0.050405	0.249052	0.781038	1.10025
548	4384	2.4447e-04	0	3.244421598709738e+02	0.761665	-0.0503812	0.249016	0.781047	1.10022
549	4392	2.4602e-04	0	3.244463894564643e+02	0.761679	-0.0503707	0.249001	0.781038	1.1002
550	4400	2.3307e-04	0	3.244446345087414e+02	0.761659	-0.0503946	0.249017	0.781059	1.10022
551	4408	2.0926e-04	0	3.244394021042905e+02	0.761695	-0.0503425	0.24901	0.780994	1.10019
552	4416	1.9760e-04	0	3.244464136047470e+02	0.761667	-0.0503862	0.249019	0.781038	1.10022
553	4424	2.0813e-04	0	3.244263128113007e+02	0.761657	-0.0503951	0.249013	0.781079	1.10022
554	4432	1.8439e-04	0	3.244402073680215e+02	0.76166	-0.0503878	0.249013	0.781051	1.10021
555	4440	1.7034e-04	0	3.244357683705961e+02	0.761643	-0.0504065	0.249033	0.781042	1.10023
556	4448	1.6939e-04	0	3.244606835707142e+02	0.761684	-0.0503747	0.249005	0.781034	1.1002
557	4456	1.9635e-04	0	3.244318282008466e+02	0.761664	-0.0503979	0.249036	0.781009	1.10022
558	4464	2.2652e-04	0	3.244367883999153e+02	0.761646	-0.0504267	0.249048	0.781025	1.10023
559	4472	2.6024e-04	0	3.244520254076859e+02	0.76166	-0.0504093	0.249039	0.781016	1.10022
560	4480	2.5756e-04	0	3.244227961335735e+02	0.761666	-0.0504017	0.249019	0.781046	1.10021
561	4488	2.4452e-04	0	3.244381909999702e+02	0.761634	-0.0503969	0.249049	0.781023	1.10023
562	4496	2.4065e-04	0	3.244290830725628e+02	0.761667	-0.0503802	0.249047	0.780987	1.10022
563	4504	2.4437e-04	0	3.244400121912032e+02	0.761678	-0.0503631	0.249027	0.781008	1.10021
564	4512	2.6551e-04	0	3.244496239810068e+02	0.761658	-0.050412	0.249067	0.780987	1.10023
565	4520	2.4771e-04	0	3.244374336552480e+02	0.761642	-0.0504094	0.249067	0.780988	1.10024
566	4528	2.7760e-04	0	3.244454445325279e+02	0.761639	-0.0503668	0.249034	0.781033	1.10022
567	4536	3.0359e-04	0	3.244395881274378e+02	0.76162	-0.0503894	0.249043	0.781054	1.10024
568	4544	3.2148e-04	0	3.244472284157740e+02	0.761605	-0.0504048	0.249071	0.781034	1.10026
569	4552	3.0367e-04	0	3.244226355517534e+02	0.761618	-0.0503769	0.249021	0.781093	1.10024
570	4560	3.1942e-04	0	3.244219723627289e+02	0.761612	-0.0504131	0.249017	0.781125	1.10024
571	4568	3.0101e-04	0	3.244269770607729e+02	0.761628	-0.0504031	0.24903	0.781059	1.10023
572	4576	2.8159e-04	0	3.244518866368331e+02	0.761639	-0.0504088	0.249017	0.781083	1.10023
573	4584	2.2789e-04	0	3.244456782335623e+02	0.76162	-0.0503906	0.249001	0.781123	1.10023
574	4592	2.0160e-04	0	3.244332797056749e+02	0.761636	-0.0504033	0.249039	0.781051	1.10023
575	4600	1.9199e-04	0	3.244349197145897e+02	0.761624	-0.0503922	0.249051	0.781025	1.10024
576	4608	1.8001e-04	0	3.244557259723941e+02	0.761622	-0.0504026	0.24901	0.781108	1.10023
577	4616	1.7337e-04	0	3.244519065014207e+02	0.761627	-0.050388	0.249018	0.78109	1.10023
578	4624	1.6177e-04	0	3.244406763434171e+02	0.761633	-0.0503826	0.249019	0.781076	1.10022
579	4632	1.5264e-04	0	3.244398674521603e+02	0.761629	-0.0503797	0.249025	0.781066	1.10022
580	4640	1.3306e-04	0	3.244430634713328e+02	0.761631	-0.0503861	0.249021	0.781071	1.10023
581	4648	1.3664e-04	0	3.244413390708360e+02	0.761625	-0.0503873	0.249038	0.781048	1.10023
582	4656	1.4939e-04	0	3.244388003367569e+02	0.761633	-0.0503809	0.249037	0.781032	1.10022
583	4664	1.6617e-04	0	3.244482234234516e+02	0.761625	-0.0503855	0.249045	0.781026	1.10023
584	4672	1.6682e-04	0	3.244236796353911e+02	0.761626	-0.0503876	0.249052	0.781018	1.10023
585	4680	1.5080e-04	0	3.244427733324695e+02	0.761635	-0.050368	0.249038	0.781027	1.10022
586	4688	1.3595e-04	0	3.244270790292999e+02	0.761628	-0.0503805	0.249054	0.781007	1.10023
587	4696	1.2401e-04	0	3.244451860406606e+02	0.761635	-0.0503793	0.249045	0.781016	1.10022
588	4704	1.3821e-04	0	3.244310605476358e+02	0.761635	-0.0503799	0.24904	0.781029	1.10022
589	4712	1.2440e-04	0	3.244334458263668e+02	0.761629	-0.0503768	0.249046	0.781024	1.10023
590	4720	1.1781e-04	0	3.244292958539984e+02	0.761638	-0.0503747	0.249048	0.781002	1.10022
591	4728	1.0720e-04	0	3.244298130264012e+02	0.761626	-0.0503817	0.249053	0.781013	1.10023
592	4736	1.0368e-04	0	3.244512263194303e+02	0.761619	-0.0503813	0.249061	0.781006	1.10024
593	4744	1.1774e-04	0	3.244303442481353e+02	0.761624	-0.0503716	0.249059	0.780993	1.10023
594	4752	1.0932e-04	0	3.244454452485260e+02	0.761622	-0.0503738	0.249061	0.780994	1.10023
595	4760	1.0127e-04	0	3.244315922597048e+02	0.761627	-0.0503717	0.249052	0.781006	1.10023
596	4768	8.7974e-05	0	3.244438315457397e+02	0.761629	-0.0503709	0.249047	0.781012	1.10023
597	4776	8.7093e-05	0	3.244341554107558e+02	0.761635	-0.0503685	0.249042	0.781015	1.10022
598	4784	9.0214e-05	0	3.244345253617820e+02	0.761628	-0.0503675	0.249049	0.781006	1.10022
599	4792	9.2613e-05	0	3.244476548471868e+02	0.76163	-0.0503737	0.249047	0.781011	1.10022
600	4800	7.9936e-05	0	3.244381344092620e+02	0.761629	-0.0503752	0.249047	0.781011	1.10022
601	4808	8.5736e-05	0	3.244390586372898e+02	0.761622	-0.0503822	0.24905	0.781018	1.10023
602	4816	9.8829e-05	0	3.244218519548583e+02	0.761617	-0.0503813	0.24905	0.781026	1.10023
603	4824	1.0072e-04	0	3.244336209460227e+02	0.761617	-0.0503779	0.249052	0.78102	1.10023
604	4832	1.0293e-04	0	3.244464135900485e+02	0.761627	-0.0503772	0.24904	0.781037	1.10023
605	4840	1.0399e-04	0	3.244538623712655e+02	0.76162	-0.0503765	0.249048	0.781029	1.10023
606	4848	1.1427e-04	0	3.244379286032562e+02	0.76162	-0.050379	0.249045	0.78104	1.10023
607	4856	1.5012e-04	0	3.244354851781287e+02	0.761613	-0.0503743	0.249051	0.781035	1.10024
608	4864	1.7749e-04	0	3.244334365476985e+02	0.761619	-0.0503784	0.249053	0.781028	1.10024
609	4872	2.2331e-04	0	3.244464693958668e+02	0.761617	-0.0503806	0.249049	0.78105	1.10024
610	4880	2.1011e-04	0	3.244238057711336e+02	0.761611	-0.0503879	0.249054	0.781047	1.10025
611	4888	1.8944e-04	0	3.244348601231491e+02	0.761609	-0.0503895	0.249064	0.781018	1.10024
612	4896	1.6030e-04	0	3.244260469626883e+02	0.761613	-0.0503807	0.249048	0.781047	1.10024
613	4904	1.5396e-04	0	3.244370841371186e+02	0.761623	-0.050388	0.249042	0.781056	1.10023
614	4912	1.5701e-04	0	3.244265813512940e+02	0.761628	-0.0503834	0.249042	0.781042	1.10023
615	4920	1.6577e-04	0	3.244222710056191e+02	0.761631	-0.0503883	0.249034	0.781055	1.10023
616	4928	1.5743e-04	0	3.244376049589485e+02	0.761633	-0.0503899	0.249044	0.781035	1.10023
617	4936	1.5641e-04	0	3.244417789057752e+02	0.761625	-0.0503964	0.249044	0.781047	1.10023
618	4944	1.5397e-04	0	3.244431641304574e+02	0.761624	-0.0503976	0.249033	0.781071	1.10023
619	4952	1.4304e-04	0	3.244428379484737e+02	0.761616	-0.0503942	0.249043	0.781058	1.10024
620	4960	1.4811e-04	0	3.244430807206558e+02	0.761616	-0.050392	0.249036	0.78107	1.10024
621	4968	1.4081e-04	0	3.244173027663301e+02	0.761628	-0.0503891	0.249035	0.78106	1.10023
622	4976	1.2732e-04	0	3.244279152294200e+02	0.761622	-0.0504028	0.249031	0.781079	1.10023
623	4984	1.1047e-04	0	3.244320110643330e+02	0.761631	-0.0503889	0.249026	0.781069	1.10023
624	4992	1.1494e-04	0	3.244529615759095e+02	0.761636	-0.0503995	0.249027	0.781066	1.10023
625	5000	1.2323e-04	0	3.244563289632458e+02	0.761635	-0.0503908	0.249018	0.781087	1.10022
626	5008	1.1612e-04	0	3.244321903366911e+02	0.761635	-0.0503924	0.249031	0.781055	1.10023
627	5016	1.1374e-04	0	3.244383574273825e+02	0.761627	-0.0503933	0.249036	0.781056	1.10023
628	5024	1.0231e-04	0	3.244515806882420e+02	0.76164	-0.050386	0.249021	0.78107	1.10022
629	5032	1.1117e-04	0	3.244197001938613e+02	0.761629	-0.050388	0.249031	0.781058	1.10023
630	5040	1.0079e-04	0	3.244270670627893e+02	0.761637	-0.0503871	0.249024	0.781069	1.10022
631	5048	1.0005e-04	0	3.244419005971948e+02	0.761631	-0.0503884	0.24903	0.781064	1.10023
632	5056	9.4665e-05	0	3.244380720409874e+02	0.761628	-0.05039	0.24903	0.781067	1.10023
633	5064	8.4465e-05	0	3.244521044822847e+02	0.761628	-0.0503914	0.249034	0.781059	1.10023
634	5072	7.9742e-05	0	3.244525248203869e+02	0.761628	-0.0503905	0.249033	0.781061	1.10023
635	5080	6.9180e-05	0	3.244451536280417e+02	0.761634	-0.0503874	0.249028	0.78106	1.10022
636	5088	6.9228e-05	0	3.244435061648554e+02	0.761632	-0.050389	0.249029	0.781063	1.10023
637	5096	7.8156e-05	0	3.244421212783435e+02	0.761637	-0.0503898	0.249019	0.781079	1.10022
638	5104	8.6828e-05	0	3.244559501777982e+02	0.761639	-0.0503855	0.249019	0.781074	1.10022
639	5112	1.0212e-04	0	3.244331570449611e+02	0.761643	-0.0503868	0.249018	0.781073	1.10022
640	5120	1.1019e-04	0	3.244207709128477e+02	0.761639	-0.0503839	0.249014	0.78109	1.10022
641	5128	1.0899e-04	0	3.244407697976719e+02	0.761637	-0.0503815	0.249025	0.781062	1.10022
642	5136	9.1705e-05	0	3.244407258516129e+02	0.761633	-0.0503852	0.249025	0.781069	1.10022
643	5144	8.1883e-05	0	3.244281469470229e+02	0.761636	-0.0503871	0.249026	0.781065	1.10022
644	5152	9.3771e-05	0	3.244366662938634e+02	0.76163	-0.0503886	0.249028	0.781066	1.10023
645	5160	9.7968e-05	0	3.244481603954382e+02	0.761633	-0.0503869	0.249029	0.78106	1.10022
646	5168	9.3522e-05	0	3.244344726560442e+02	0.761632	-0.0503919	0.249028	0.781066	1.10022
647	5176	1.0198e-04	0	3.244614807972125e+02	0.761637	-0.0503898	0.249023	0.781066	1.10022
648	5184	1.1721e-04	0	3.244737761242235e+02	0.761628	-0.0503927	0.249034	0.781057	1.10023
649	5192	1.1962e-04	0	3.244515971729695e+02	0.761635	-0.0503921	0.249028	0.78106	1.10022
650	5200	1.2602e-04	0	3.244269172201149e+02	0.761631	-0.050397	0.249028	0.781068	1.10023
651	5208	1.2913e-04	0	3.244420144987747e+02	0.761633	-0.050395	0.249028	0.781063	1.10022
652	5216	1.2086e-04	0	3.244449881320643e+02	0.76163	-0.0503973	0.249038	0.781048	1.10023
653	5224	1.0837e-04	0	3.244352738610867e+02	0.761628	-0.0503937	0.249039	0.781046	1.10023
654	5232	9.8458e-05	0	3.244351740077507e+02	0.761624	-0.0503999	0.249041	0.781051	1.10023
655	5240	1.0033e-04	0	3.244366327200835e+02	0.761628	-0.050394	0.249036	0.781057	1.10023
656	5248	1.1246e-04	0	3.244462491287995e+02	0.76162	-0.0503991	0.249043	0.781052	1.10023
657	5256	1.0497e-04	0	3.244645624140149e+02	0.761624	-0.0503972	0.24904	0.78105	1.10023
658	5264	1.0843e-04	0	3.244413766574050e+02	0.761621	-0.0503954	0.249046	0.781044	1.10023
659	5272	1.1539e-04	0	3.244668314022357e+02	0.761626	-0.050387	0.249044	0.78104	1.10023
660	5280	1.0673e-04	0	3.244437777181706e+02	0.761628	-0.0503923	0.249041	0.781043	1.10023
661	5288	1.0983e-04	0	3.244362109475774e+02	0.761623	-0.0503885	0.249049	0.781032	1.10023
662	5296	1.3866e-04	0	3.244303361023221e+02	0.761626	-0.0503797	0.249043	0.781037	1.10023
663	5304	1.3629e-04	0	3.244504003228109e+02	0.761634	-0.050381	0.249038	0.781038	1.10023
664	5312	1.3415e-04	0	3.244482954048262e+02	0.761631	-0.050385	0.249039	0.78104	1.10023
665	5320	1.2815e-04	0	3.244330811025839e+02	0.761628	-0.0503863	0.249035	0.781054	1.10023
666	5328	1.3350e-04	0	3.244533443100221e+02	0.761623	-0.0503902	0.249038	0.781057	1.10023
667	5336	1.1978e-04	0	3.244479316537201e+02	0.761628	-0.0503861	0.249033	0.781058	1.10023
668	5344	1.0952e-04	0	3.244293023534590e+02	0.761631	-0.050387	0.24903	0.781061	1.10022
669	5352	1.0522e-04	0	3.244280985363171e+02	0.761628	-0.0503879	0.249036	0.781052	1.10023
670	5360	9.7425e-05	0	3.244444470652688e+02	0.761631	-0.0503838	0.249036	0.78105	1.10023
671	5368	9.3413e-05	0	3.244412589258088e+02	0.761629	-0.0503862	0.249035	0.781056	1.10023
672	5376	8.9673e-05	0	3.244453765326328e+02	0.761629	-0.0503887	0.249035	0.781056	1.10023
673	5384	7.8219e-05	0	3.244309636588063e+02	0.761628	-0.0503867	0.249037	0.781053	1.10023
674	5392	6.5735e-05	0	3.244209596115226e+02	0.761626	-0.0503851	0.24904	0.78105	1.10023
675	5400	6.5240e-05	0	3.244152003871842e+02	0.76163	-0.0503869	0.249034	0.781057	1.10023
676	5408	7.3058e-05	0	3.244465040477581e+02	0.761623	-0.050389	0.249039	0.781058	1.10023
677	5416	6.8150e-05	0	3.244397451476943e+02	0.761626	-0.0503887	0.249036	0.781057	1.10023
678	5424	6.8899e-05	0	3.244525840060906e+02	0.761628	-0.050389	0.249032	0.781066	1.10023
679	5432	6.0266e-05	0	3.244391221809747e+02	0.761631	-0.0503888	0.24903	0.781067	1.10023
680	5440	5.1713e-05	0	3.244409096764036e+02	0.761629	-0.0503896	0.249033	0.781062	1.10023
681	5448	5.2780e-05	0	3.244297671774673e+02	0.761629	-0.0503892	0.249034	0.781058	1.10023
682	5456	4.9772e-05	0	3.244465002131871e+02	0.761633	-0.0503897	0.249029	0.781066	1.10023
683	5464	5.2707e-05	0	3.244415166355888e+02	0.761632	-0.0503876	0.24903	0.781064	1.10022
684	5472	4.5839e-05	0	3.244155752594179e+02	0.761632	-0.0503884	0.24903	0.781065	1.10023
685	5480	3.9180e-05	0	3.244294514753070e+02	0.761632	-0.0503885	0.249029	0.781066	1.10023
686	5488	3.8423e-05	0	3.244365359331957e+02	0.761632	-0.0503884	0.249028	0.781071	1.10023
687	5496	3.7510e-05	0	3.244460825505502e+02	0.761635	-0.050387	0.249027	0.781069	1.10022
688	5504	3.3251e-05	0	3.244200018197851e+02	0.761634	-0.0503874	0.249027	0.78107	1.10022
689	5512	3.7195e-05	0	3.244425068149899e+02	0.761635	-0.0503885	0.249025	0.781073	1.10022
690	5520	3.5497e-05	0	3.244493907743056e+02	0.761634	-0.0503875	0.249027	0.78107	1.10023
691	5528	3.4556e-05	0	3.244422356583322e+02	0.761634	-0.0503876	0.249026	0.781071	1.10022
692	5536	3.2255e-05	0	3.244428288928976e+02	0.761634	-0.0503877	0.249027	0.781071	1.10023
693	5544	3.5762e-05	0	3.244567730773482e+02	0.761634	-0.0503893	0.249025	0.781074	1.10022
694	5552	3.5993e-05	0	3.244516062726534e+02	0.761634	-0.050389	0.249027	0.78107	1.10023
695	5560	3.6317e-05	0	3.244441966084729e+02	0.761635	-0.0503894	0.249023	0.781078	1.10022
696	5568	3.3247e-05	0	3.244318064258819e+02	0.761634	-0.0503887	0.249026	0.781072	1.10023
697	5576	3.8041e-05	0	3.244494411202705e+02	0.761633	-0.0503892	0.249026	0.781075	1.10023
698	5584	4.1848e-05	0	3.244408832501327e+02	0.761634	-0.0503903	0.249024	0.781077	1.10022
699	5592	4.5312e-05	0	3.244257015082977e+02	0.761631	-0.0503908	0.249026	0.781077	1.10023
700	5600	5.3450e-05	0	3.244476184700234e+02	0.76163	-0.0503908	0.249026	0.781079	1.10023
701	5608	5.7095e-05	0	3.244221137855108e+02	0.76163	-0.0503894	0.249028	0.781074	1.10023
702	5616	5.7213e-05	0	3.244468785697099e+02	0.761628	-0.0503906	0.249028	0.781077	1.10023
703	5624	5.5763e-05	0	3.244317866660654e+02	0.761627	-0.0503895	0.249031	0.781072	1.10023
704	5632	5.8141e-05	0	3.244178141899937e+02	0.761626	-0.0503914	0.24903	0.781076	1.10023
705	5640	5.8408e-05	0	3.244461702575536e+02	0.761627	-0.0503922	0.249029	0.781078	1.10023
706	5648	5.0494e-05	0	3.244595171406215e+02	0.761628	-0.0503912	0.249027	0.781079	1.10023
707	5656	4.7186e-05	0	3.244427184778461e+02	0.761628	-0.0503917	0.249029	0.781077	1.10023
708	5664	4.5558e-05	0	3.244431767422208e+02	0.761629	-0.0503908	0.249028	0.781078	1.10023
709	5672	4.1126e-05	0	3.244474015849089e+02	0.761629	-0.0503909	0.249027	0.781077	1.10023
710	5680	4.1413e-05	0	3.244530679530855e+02	0.76163	-0.0503902	0.249027	0.781079	1.10023
711	5688	3.6743e-05	0	3.244334833788643e+02	0.761629	-0.0503911	0.249027	0.781079	1.10023
712	5696	3.8249e-05	0	3.244266701450962e+02	0.761629	-0.0503898	0.249027	0.781078	1.10023
713	5704	4.3617e-05	0	3.244307548791333e+02	0.761632	-0.0503889	0.249026	0.781077	1.10023
714	5712	3.4886e-05	0	3.244364932172048e+02	0.76163	-0.0503889	0.249027	0.781076	1.10023
715	5720	3.1778e-05	0	3.244405985575997e+02	0.761632	-0.0503896	0.249026	0.781078	1.10023
716	5728	3.3668e-05	0	3.244446653178862e+02	0.761632	-0.0503891	0.249025	0.781078	1.10023
717	5736	3.4264e-05	0	3.244305043983516e+02	0.761631	-0.05039	0.249025	0.78108	1.10023
718	5744	3.4552e-05	0	3.244372844231197e+02	0.761632	-0.0503884	0.249026	0.781077	1.10023
719	5752	3.1309e-05	0	3.244486169016333e+02	0.761631	-0.05039	0.249024	0.781082	1.10023
720	5760	3.4102e-05	0	3.244337595821863e+02	0.761631	-0.0503891	0.249025	0.781079	1.10023
721	5768	3.5706e-05	0	3.244495342680266e+02	0.761631	-0.0503887	0.249026	0.781077	1.10023
722	5776	3.9321e-05	0	3.244405626399383e+02	0.761631	-0.0503892	0.249026	0.781078	1.10023
723	5784	3.9936e-05	0	3.244386641022820e+02	0.761632	-0.0503894	0.249025	0.781079	1.10023
724	5792	4.6715e-05	0	3.244431940018566e+02	0.761629	-0.0503909	0.249028	0.781078	1.10023
725	5800	5.4655e-05	0	3.244283220542404e+02	0.761628	-0.0503903	0.249028	0.781078	1.10023
726	5808	5.2135e-05	0	3.244423066101872e+02	0.761633	-0.0503891	0.249026	0.781076	1.10023
727	5816	5.8438e-05	0	3.244380779960309e+02	0.761628	-0.0503902	0.249031	0.781074	1.10023
728	5824	6.8454e-05	0	3.244425861184797e+02	0.761623	-0.0503902	0.249034	0.781073	1.10023
729	5832	6.7794e-05	0	3.244418177024911e+02	0.761623	-0.05039	0.249035	0.781073	1.10023
730	5840	6.3919e-05	0	3.244444665950326e+02	0.76163	-0.0503882	0.24903	0.781074	1.10023
731	5848	5.6331e-05	0	3.244372727992648e+02	0.761629	-0.0503889	0.249031	0.781073	1.10023
732	5856	5.6498e-05	0	3.244367165483036e+02	0.761634	-0.0503894	0.249026	0.781077	1.10023
733	5864	4.9438e-05	0	3.244333619411266e+02	0.761627	-0.0503905	0.249031	0.781075	1.10023
734	5872	4.4154e-05	0	3.244422664283305e+02	0.761629	-0.0503901	0.249031	0.781074	1.10023
735	5880	3.7283e-05	0	3.244384773126838e+02	0.761628	-0.0503905	0.24903	0.781076	1.10023
736	5888	3.2672e-05	0	3.244374581459907e+02	0.761627	-0.0503904	0.249031	0.781075	1.10023
737	5896	3.1803e-05	0	3.244482473395910e+02	0.761627	-0.0503906	0.249031	0.781076	1.10023
738	5904	3.2899e-05	0	3.244546375184564e+02	0.761629	-0.0503907	0.249029	0.781076	1.10023
739	5912	3.7305e-05	0	3.244497470514108e+02	0.761623	-0.0503918	0.249034	0.781074	1.10023
740	5920	4.1365e-05	0	3.244527276339467e+02	0.761624	-0.0503931	0.249032	0.781078	1.10023
741	5928	3.5638e-05	0	3.244498906534715e+02	0.761627	-0.0503906	0.249032	0.781073	1.10023
742	5936	3.5764e-05	0	3.244213184956332e+02	0.761626	-0.0503916	0.249032	0.781075	1.10023
743	5944	4.1921e-05	0	3.244259928247283e+02	0.761626	-0.0503926	0.249032	0.781076	1.10023
744	5952	4.8911e-05	0	3.244371205554562e+02	0.761625	-0.0503927	0.249033	0.781077	1.10023
745	5960	4.6988e-05	0	3.244425392521396e+02	0.761626	-0.0503929	0.249032	0.781077	1.10023
746	5968	4.4969e-05	0	3.244501505808244e+02	0.761623	-0.0503927	0.249034	0.781074	1.10023
747	5976	5.2925e-05	0	3.244340204799461e+02	0.761617	-0.0503943	0.249039	0.781074	1.10024
748	5984	5.7851e-05	0	3.244422594703088e+02	0.761623	-0.0503912	0.249034	0.781075	1.10023
749	5992	6.9096e-05	0	3.244354859045836e+02	0.761618	-0.050394	0.249036	0.781075	1.10023
750	6000	6.9286e-05	0	3.244492530012320e+02	0.761618	-0.0503928	0.249036	0.781075	1.10023
751	6008	8.3159e-05	0	3.244256137170050e+02	0.761622	-0.050393	0.249032	0.781076	1.10023
752	6016	8.7347e-05	0	3.244268261603632e+02	0.761626	-0.0503921	0.24903	0.781077	1.10023
753	6024	9.2556e-05	0	3.244290173019914e+02	0.761627	-0.0503931	0.249026	0.781081	1.10023
754	6032	9.3807e-05	0	3.244355364769226e+02	0.761624	-0.0503883	0.249034	0.781069	1.10023
755	6040	8.3301e-05	0	3.244438623404342e+02	0.76163	-0.0503887	0.249027	0.781075	1.10023
756	6048	8.6698e-05	0	3.244453168394915e+02	0.761624	-0.050389	0.249035	0.781068	1.10023
757	6056	8.4992e-05	0	3.244414399977620e+02	0.761622	-0.0503897	0.249032	0.781071	1.10023
758	6064	9.6016e-05	0	3.244238404924665e+02	0.761626	-0.0503912	0.249028	0.781075	1.10023
759	6072	9.4349e-05	0	3.244458727256351e+02	0.761622	-0.0503885	0.249035	0.781065	1.10023
760	6080	1.0385e-04	0	3.244388265807478e+02	0.761621	-0.0503879	0.249038	0.781062	1.10023
761	6088	1.2607e-04	0	3.244247472792797e+02	0.761622	-0.0503882	0.249035	0.781066	1.10023
762	6096	1.5694e-04	0	3.244480155302743e+02	0.761614	-0.0503903	0.249042	0.781065	1.10023
763	6104	1.4606e-04	0	3.244397581192606e+02	0.761632	-0.0503907	0.249025	0.781076	1.10022
764	6112	1.6100e-04	0	3.244254501360617e+02	0.761628	-0.0503904	0.249031	0.781065	1.10022
765	6120	1.4810e-04	0	3.244285416009697e+02	0.761626	-0.0503916	0.249029	0.781075	1.10023
766	6128	1.6918e-04	0	3.244266645299289e+02	0.761637	-0.0503959	0.249017	0.781084	1.10022
767	6136	2.0420e-04	0	3.244413264791716e+02	0.761635	-0.0503987	0.24901	0.781097	1.10022
768	6144	2.2726e-04	0	3.244313737138142e+02	0.761628	-0.0504028	0.249015	0.781094	1.10022
769	6152	2.3530e-04	0	3.244293736415692e+02	0.761626	-0.0503992	0.249024	0.781084	1.10022
770	6160	2.2762e-04	0	3.244467020414548e+02	0.761636	-0.0503993	0.249014	0.781084	1.10022
771	6168	2.2240e-04	0	3.244322324703676e+02	0.761622	-0.0504033	0.249018	0.781096	1.10022
772	6176	2.1661e-04	0	3.244435634220508e+02	0.761624	-0.0504108	0.249011	0.781113	1.10022
773	6184	2.2375e-04	0	3.244531472428855e+02	0.761616	-0.0504067	0.249021	0.781091	1.10022
774	6192	2.5228e-04	0	3.244303099166991e+02	0.761601	-0.0504045	0.24904	0.781065	1.10022
775	6200	2.6353e-04	0	3.244250891646516e+02	0.761614	-0.050402	0.249029	0.781068	1.10022
776	6208	2.6625e-04	0	3.244478941979298e+02	0.761602	-0.0504021	0.249043	0.781051	1.10022
777	6216	2.9345e-04	0	3.244328106183493e+02	0.76161	-0.0504166	0.249023	0.781082	1.10021
778	6224	3.0390e-04	0	3.244348340434194e+02	0.761613	-0.0504139	0.249017	0.781084	1.10021
779	6232	3.1979e-04	0	3.244347336176485e+02	0.761595	-0.0504225	0.249031	0.781096	1.10023
780	6240	2.8287e-04	0	3.244225776036280e+02	0.761612	-0.0504137	0.249018	0.781087	1.10021
781	6248	2.4851e-04	0	3.244330656013896e+02	0.761614	-0.0504156	0.249016	0.781095	1.10021
782	6256	2.4439e-04	0	3.244610795927955e+02	0.761607	-0.0504169	0.249018	0.781109	1.10022
783	6264	2.4171e-04	0	3.244400780198800e+02	0.761624	-0.0504141	0.249002	0.781103	1.1002
784	6272	2.4417e-04	0	3.244216232288825e+02	0.761623	-0.0504216	0.248995	0.781119	1.1002
785	6280	2.7223e-04	0	3.244311958306475e+02	0.761627	-0.0504268	0.248983	0.781142	1.1002
786	6288	3.3458e-04	0	3.244471770800383e+02	0.76159	-0.0504403	0.249013	0.781121	1.10021
787	6296	3.3022e-04	0	3.244425334163234e+02	0.761608	-0.0504223	0.249018	0.78109	1.10021
788	6304	3.4418e-04	0	3.244395088500672e+02	0.761602	-0.0504388	0.249007	0.781127	1.10021
789	6312	3.7154e-04	0	3.244460843015244e+02	0.761602	-0.0504286	0.249019	0.781081	1.1002
790	6320	3.8401e-04	0	3.244602173095037e+02	0.761579	-0.0504387	0.249032	0.781086	1.10021
791	6328	3.1994e-04	0	3.244392416481046e+02	0.761612	-0.0504275	0.249007	0.781093	1.1002
792	6336	2.8440e-04	0	3.244406217369778e+02	0.761607	-0.0504275	0.249014	0.781075	1.10019
793	6344	2.7581e-04	0	3.244371446474701e+02	0.761597	-0.0504339	0.249019	0.781088	1.1002
794	6352	2.8026e-04	0	3.244514697461855e+02	0.761591	-0.050437	0.249026	0.781075	1.1002
795	6360	2.6438e-04	0	3.244414837029474e+02	0.761589	-0.0504471	0.249017	0.781097	1.1002
796	6368	2.6872e-04	0	3.244586636209964e+02	0.761593	-0.0504453	0.249021	0.781088	1.1002
797	6376	2.5892e-04	0	3.244428338967977e+02	0.761598	-0.0504533	0.249004	0.781122	1.1002
798	6384	2.2203e-04	0	3.244386426978950e+02	0.761592	-0.0504407	0.249022	0.781096	1.10021
799	6392	2.0577e-04	0	3.244305621985507e+02	0.761599	-0.0504416	0.249019	0.78109	1.1002
800	6400	2.5166e-04	0	3.244421857793169e+02	0.76158	-0.0504471	0.249036	0.781083	1.10022
801	6408	2.4488e-04	0	3.244294402019979e+02	0.761605	-0.0504368	0.249018	0.781075	1.1002
802	6416	2.6968e-04	0	3.244070223772122e+02	0.761606	-0.0504385	0.24902	0.781084	1.1002
803	6424	2.7966e-04	0	3.244529764411665e+02	0.761603	-0.0504459	0.249013	0.781093	1.1002
804	6432	2.5291e-04	0	3.244338286331698e+02	0.761602	-0.0504431	0.249017	0.781095	1.1002
805	6440	2.4516e-04	0	3.244379760906447e+02	0.761585	-0.050438	0.249043	0.781058	1.10021
806	6448	2.9706e-04	0	3.244432078839942e+02	0.761595	-0.0504336	0.249032	0.781068	1.10021
807	6456	3.0651e-04	0	3.244444827745596e+02	0.76159	-0.0504333	0.249041	0.781068	1.10022
808	6464	3.1592e-04	0	3.244472884872252e+02	0.761586	-0.0504331	0.249053	0.78105	1.10022
809	6472	3.2245e-04	0	3.244469771583197e+02	0.761582	-0.0504377	0.249049	0.781056	1.10022
810	6480	2.7776e-04	0	3.244253474963500e+02	0.761568	-0.0504428	0.249055	0.781059	1.10022
811	6488	2.2849e-04	0	3.244370001793296e+02	0.761582	-0.0504467	0.249036	0.781082	1.10021
812	6496	2.2936e-04	0	3.244416587657910e+02	0.761584	-0.0504463	0.249036	0.781077	1.10021
813	6504	1.9917e-04	0	3.244476910132877e+02	0.761589	-0.0504335	0.249043	0.78106	1.10021
814	6512	2.1567e-04	0	3.244625443874250e+02	0.761587	-0.0504343	0.249041	0.781059	1.10021
815	6520	1.8918e-04	0	3.244619750761312e+02	0.761589	-0.0504433	0.249034	0.781069	1.10021
816	6528	2.1996e-04	0	3.244502408246711e+02	0.761587	-0.0504452	0.249033	0.781065	1.1002
817	6536	2.1847e-04	0	3.244521736485462e+02	0.761589	-0.0504485	0.24903	0.781079	1.10021
818	6544	1.9865e-04	0	3.244378046391370e+02	0.761589	-0.0504458	0.249031	0.781077	1.10021
819	6552	1.8425e-04	0	3.244485867780528e+02	0.761597	-0.0504428	0.249025	0.781069	1.1002
820	6560	1.7357e-04	0	3.244443830068786e+02	0.761598	-0.0504353	0.249031	0.781066	1.10021
821	6568	1.9307e-04	0	3.244405471481246e+02	0.7616	-0.0504468	0.249018	0.781086	1.1002
822	6576	1.8113e-04	0	3.244209024630377e+02	0.761592	-0.0504451	0.249029	0.781075	1.10021
823	6584	1.8046e-04	0	3.244319371001631e+02	0.761598	-0.0504434	0.249023	0.781074	1.1002
824	6592	1.7227e-04	0	3.244448198251355e+02	0.761587	-0.0504428	0.249035	0.781063	1.10021
825	6600	1.7706e-04	0	3.244582147106690e+02	0.761584	-0.0504465	0.249033	0.781061	1.1002
826	6608	1.7303e-04	0	3.244420009706208e+02	0.761592	-0.0504405	0.249029	0.78106	1.1002
827	6616	1.3973e-04	0	3.244449019499544e+02	0.761595	-0.0504449	0.249024	0.781074	1.1002
828	6624	1.2718e-04	0	3.244227342616598e+02	0.761596	-0.0504456	0.249022	0.781072	1.1002
829	6632	1.3447e-04	0	3.244542006319916e+02	0.761589	-0.0504456	0.249027	0.781067	1.1002
830	6640	1.2975e-04	0	3.244407722306322e+02	0.761595	-0.0504495	0.249021	0.781073	1.10019
831	6648	1.3541e-04	0	3.244308999447931e+02	0.761593	-0.050452	0.249021	0.781078	1.1002
832	6656	1.5421e-04	0	3.244279155891376e+02	0.761589	-0.0504525	0.249025	0.781073	1.1002
833	6664	1.4435e-04	0	3.244370444682811e+02	0.761607	-0.0504428	0.249014	0.781076	1.10019
834	6672	1.3623e-04	0	3.244316909880537e+02	0.761596	-0.0504485	0.249018	0.781078	1.10019
835	6680	1.4274e-04	0	3.244292348769141e+02	0.761603	-0.0504416	0.249018	0.781072	1.10019
836	6688	1.5260e-04	0	3.244455550333662e+02	0.761604	-0.0504388	0.249021	0.78107	1.1002
837	6696	1.5897e-04	0	3.244288440416529e+02	0.761607	-0.0504362	0.249017	0.78107	1.10019
838	6704	1.5209e-04	0	3.244456247205283e+02	0.761593	-0.0504479	0.249023	0.781074	1.1002
839	6712	1.3663e-04	0	3.244393300315170e+02	0.761609	-0.0504424	0.249013	0.781082	1.10019
840	6720	1.1582e-04	0	3.244546187712685e+02	0.761601	-0.0504405	0.249023	0.781068	1.1002
841	6728	1.1427e-04	0	3.244426320626905e+02	0.76161	-0.0504382	0.249016	0.781073	1.10019
842	6736	1.2109e-04	0	3.244392273201447e+02	0.76161	-0.0504381	0.249016	0.781072	1.10019
843	6744	1.3192e-04	0	3.244404815299573e+02	0.761591	-0.0504456	0.24903	0.781064	1.1002
844	6752	1.3960e-04	0	3.244359782477138e+02	0.7616	-0.0504423	0.249024	0.781066	1.1002
845	6760	1.4509e-04	0	3.244320928255730e+02	0.761601	-0.0504388	0.249024	0.781066	1.1002
846	6768	1.5346e-04	0	3.244288735831079e+02	0.761604	-0.0504365	0.249023	0.781067	1.1002
847	6776	1.8105e-04	0	3.244491576183572e+02	0.761605	-0.0504383	0.249023	0.781069	1.1002
848	6784	2.0083e-04	0	3.244340828907280e+02	0.76159	-0.0504497	0.249033	0.78107	1.10021
849	6792	2.3804e-04	0	3.244362232579033e+02	0.761604	-0.0504338	0.249027	0.781067	1.1002
850	6800	2.0538e-04	0	3.244281784379295e+02	0.761606	-0.0504379	0.24902	0.781075	1.1002
851	6808	1.6652e-04	0	3.244423793062400e+02	0.761601	-0.0504345	0.249031	0.781063	1.1002
852	6816	1.4888e-04	0	3.244432544094305e+02	0.761598	-0.0504397	0.24903	0.781067	1.1002
853	6824	1.3533e-04	0	3.244365125298659e+02	0.761604	-0.050438	0.249022	0.781074	1.1002
854	6832	1.3763e-04	0	3.244344190941761e+02	0.761605	-0.0504361	0.249022	0.781074	1.1002
855	6840	1.4471e-04	0	3.244345485719994e+02	0.761602	-0.0504437	0.24902	0.781084	1.1002
856	6848	1.4911e-04	0	3.244436024992224e+02	0.761602	-0.0504366	0.249025	0.781074	1.1002
857	6856	1.5545e-04	0	3.244570975139271e+02	0.761608	-0.0504333	0.24902	0.781074	1.1002
858	6864	1.2557e-04	0	3.244370704370886e+02	0.761605	-0.0504371	0.249022	0.781074	1.1002
859	6872	1.2433e-04	0	3.244378996551849e+02	0.761597	-0.0504399	0.249029	0.781071	1.1002
860	6880	1.2113e-04	0	3.244457456392025e+02	0.761595	-0.0504436	0.249028	0.781076	1.1002
861	6888	1.1906e-04	0	3.244243825410531e+02	0.761602	-0.0504369	0.249026	0.781073	1.1002
862	6896	1.1022e-04	0	3.244413482004228e+02	0.761603	-0.0504389	0.249024	0.781072	1.1002
863	6904	1.0691e-04	0	3.244315588977986e+02	0.761611	-0.0504359	0.249017	0.781076	1.1002
864	6912	9.8680e-05	0	3.244248886463454e+02	0.761608	-0.0504377	0.249019	0.781077	1.1002
865	6920	9.5374e-05	0	3.244404078604879e+02	0.761603	-0.0504407	0.249023	0.781077	1.1002
866	6928	9.7938e-05	0	3.244456094137182e+02	0.7616	-0.0504389	0.249026	0.781072	1.1002
867	6936	9.4545e-05	0	3.244383562152495e+02	0.761603	-0.0504414	0.249021	0.781078	1.1002
868	6944	9.3397e-05	0	3.244406282272423e+02	0.761602	-0.0504415	0.249021	0.78108	1.1002
869	6952	9.1411e-05	0	3.244485028401616e+02	0.7616	-0.0504402	0.249024	0.781075	1.1002
870	6960	7.9681e-05	0	3.244317155306651e+02	0.761601	-0.0504426	0.249022	0.781078	1.1002
871	6968	7.1164e-05	0	3.244524628337414e+02	0.761603	-0.0504384	0.249023	0.781076	1.1002
872	6976	6.5489e-05	0	3.244489717821947e+02	0.761601	-0.0504415	0.249022	0.781079	1.1002
873	6984	5.7522e-05	0	3.244510901968477e+02	0.761598	-0.0504432	0.249025	0.781078	1.1002
874	6992	4.7184e-05	0	3.244415482461542e+02	0.761602	-0.0504409	0.249023	0.781078	1.1002
875	7000	4.2803e-05	0	3.244379521191285e+02	0.761602	-0.0504401	0.249023	0.781077	1.1002
876	7008	3.7971e-05	0	3.244238470251291e+02	0.761603	-0.0504394	0.249022	0.781077	1.1002
877	7016	3.1917e-05	0	3.244285568113349e+02	0.761602	-0.0504408	0.249022	0.781079	1.1002
878	7024	2.8199e-05	0	3.244016326707338e+02	0.761603	-0.0504394	0.249022	0.781078	1.1002
879	7032	2.6373e-05	0	3.244399011451952e+02	0.761603	-0.0504398	0.249021	0.781079	1.1002
880	7040	2.9516e-05	0	3.244697740218203e+02	0.761604	-0.0504391	0.249021	0.781077	1.1002
881	7048	2.8517e-05	0	3.244316612903955e+02	0.761603	-0.0504394	0.249022	0.781076	1.1002
882	7056	2.3527e-05	0	3.244517311141495e+02	0.761604	-0.0504388	0.249022	0.781077	1.1002
883	7064	2.1641e-05	0	3.244538770108232e+02	0.761603	-0.050439	0.249022	0.781077	1.1002
884	7072	2.2218e-05	0	3.244407093629987e+02	0.761604	-0.0504382	0.249022	0.781077	1.1002
885	7080	2.6084e-05	0	3.244403351666535e+02	0.761603	-0.050438	0.249023	0.781076	1.1002
886	7088	2.9586e-05	0	3.244518161924514e+02	0.761602	-0.0504388	0.249023	0.781076	1.1002
887	7096	2.7174e-05	0	3.244534680014535e+02	0.761602	-0.0504391	0.249023	0.781076	1.1002
888	7104	2.6333e-05	0	3.244509840112183e+02	0.761604	-0.0504386	0.249022	0.781077	1.1002
889	7112	2.3869e-05	0	3.244537246307609e+02	0.761603	-0.0504381	0.249023	0.781076	1.1002
890	7120	2.2296e-05	0	3.244286281715959e+02	0.761603	-0.0504386	0.249023	0.781076	1.1002
891	7128	2.2793e-05	0	3.244479532036250e+02	0.761604	-0.050438	0.249022	0.781076	1.1002
892	7136	2.1801e-05	0	3.244455804369155e+02	0.761603	-0.0504376	0.249023	0.781075	1.1002
893	7144	2.0227e-05	0	3.244497955738281e+02	0.761603	-0.0504385	0.249023	0.781076	1.1002
894	7152	1.8412e-05	0	3.244518092814675e+02	0.761603	-0.0504382	0.249023	0.781075	1.1002
895	7160	1.6184e-05	0	3.244388760039742e+02	0.761603	-0.0504383	0.249023	0.781076	1.1002
896	7168	1.5442e-05	0	3.244528799679270e+02	0.761604	-0.0504379	0.249023	0.781075	1.1002
897	7176	1.4939e-05	0	3.244413598065311e+02	0.761604	-0.0504376	0.249022	0.781076	1.1002
898	7184	1.4580e-05	0	3.244453368462594e+02	0.761604	-0.050438	0.249023	0.781075	1.1002
899	7192	1.3022e-05	0	3.244288660243693e+02	0.761604	-0.0504376	0.249023	0.781075	1.1002
900	7200	1.4686e-05	0	3.244568063737016e+02	0.761604	-0.0504372	0.249023	0.781075	1.1002
901	7208	1.5815e-05	0	3.244407521535955e+02	0.761604	-0.0504372	0.249023	0.781074	1.1002
902	7216	1.6224e-05	0	3.244263388508605e+02	0.761604	-0.0504371	0.249023	0.781074	1.1002
903	7224	1.6202e-05	0	3.244407193304982e+02	0.761603	-0.0504377	0.249023	0.781075	1.1002
904	7232	1.4830e-05	0	3.244364710669986e+02	0.761604	-0.0504371	0.249023	0.781075	1.1002
905	7240	1.4148e-05	0	3.244489350295980e+02	0.761604	-0.0504368	0.249023	0.781074	1.1002
906	7248	1.2896e-05	0	3.244231643862844e+02	0.761604	-0.0504371	0.249023	0.781074	1.1002
907	7256	1.1798e-05	0	3.244382944843757e+02	0.761604	-0.0504371	0.249023	0.781074	1.1002
908	7264	1.1426e-05	0	3.244443518205251e+02	0.761604	-0.0504367	0.249023	0.781074	1.1002
909	7272	9.5215e-06	0	3.244556099835366e+02	0.761604	-0.050437	0.249023	0.781074	1.1002
910	7280	8.4666e-06	0	3.244350968086344e+02	0.761604	-0.0504372	0.249023	0.781074	1.1002
911	7288	7.8845e-06	0	3.244519205317810e+02	0.761604	-0.0504373	0.249023	0.781075	1.1002
912	7296	9.0720e-06	0	3.244511116810862e+02	0.761604	-0.0504374	0.249023	0.781075	1.1002
913	7304	8.4421e-06	0	3.244401913045888e+02	0.761604	-0.0504372	0.249023	0.781075	1.1002
914	7312	8.3793e-06	0	3.244354710716590e+02	0.761604	-0.0504373	0.249023	0.781074	1.1002
915	7320	8.6581e-06	0	3.244469176462017e+02	0.761604	-0.0504374	0.249023	0.781075	1.1002
916	7328	9.2422e-06	0	3.244404622883431e+02	0.761604	-0.0504375	0.249023	0.781075	1.1002
917	7336	9.5038e-06	0	3.244415724375726e+02	0.761604	-0.0504375	0.249023	0.781075	1.1002
918	7344	8.8725e-06	0	3.244356975262261e+02	0.761604	-0.0504377	0.249023	0.781075	1.1002
919	7352	9.6374e-06	0	3.244369893399754e+02	0.761604	-0.050438	0.249023	0.781075	1.1002
920	7360	9.8498e-06	0	3.244474715647397e+02	0.761604	-0.0504377	0.249023	0.781075	1.1002
921	7368	1.0095e-05	0	3.244373944511350e+02	0.761604	-0.0504375	0.249023	0.781075	1.1002
922	7376	9.9340e-06	0	3.244470888605256e+02	0.761604	-0.0504376	0.249023	0.781075	1.1002
923	7384	9.7712e-06	0	3.244443174796208e+02	0.761604	-0.0504375	0.249023	0.781075	1.1002
924	7392	9.7246e-06	0	3.244591761450546e+02	0.761604	-0.0504375	0.249023	0.781074	1.1002
925	7400	1.0231e-05	0	3.244452211949142e+02	0.761604	-0.0504375	0.249023	0.781074	1.1002
926	7408	1.0333e-05	0	3.244263754832156e+02	0.761604	-0.0504371	0.249023	0.781074	1.1002
927	7416	9.2408e-06	0	3.244269894951730e+02	0.761604	-0.0504375	0.249023	0.781074	1.1002
928	7424	8.5159e-06	0	3.244474403128284e+02	0.761604	-0.0504374	0.249023	0.781074	1.1002
929	7432	7.7053e-06	0	3.244507016958144e+02	0.761604	-0.0504373	0.249023	0.781074	1.1002
930	7440	8.0516e-06	0	3.244349953350713e+02	0.761604	-0.0504372	0.249023	0.781074	1.1002
931	7448	7.0873e-06	0	3.244210344131371e+02	0.761604	-0.0504374	0.249023	0.781075	1.1002
932	7456	6.7620e-06	0	3.244504490152014e+02	0.761604	-0.0504371	0.249023	0.781074	1.1002
933	7464	5.9592e-06	0	3.244403024014604e+02	0.761604	-0.050437	0.249023	0.781074	1.1002
934	7472	6.4796e-06	0	3.244443113252236e+02	0.761604	-0.0504374	0.249023	0.781074	1.1002
935	7480	6.2258e-06	0	3.244217492991951e+02	0.761604	-0.0504372	0.249023	0.781074	1.1002
936	7488	5.6825e-06	0	3.244443209783585e+02	0.761604	-0.0504371	0.249023	0.781074	1.1002
937	7496	6.4292e-06	0	3.244304588001394e+02	0.761604	-0.0504369	0.249023	0.781074	1.1002
938	7504	9.5296e-06	0	3.244385165821574e+02	0.761605	-0.0504365	0.249023	0.781074	1.1002
939	7512	1.0167e-05	0	3.244420687362859e+02	0.761604	-0.0504369	0.249023	0.781074	1.1002
940	7520	9.6513e-06	0	3.244454993598609e+02	0.761604	-0.0504366	0.249023	0.781074	1.1002
941	7528	9.6953e-06	0	3.244478946548622e+02	0.761604	-0.0504365	0.249023	0.781073	1.1002
942	7536	1.0144e-05	0	3.244416515543403e+02	0.761604	-0.0504364	0.249023	0.781073	1.1002
943	7544	9.3394e-06	0	3.244490227040036e+02	0.761604	-0.0504369	0.249023	0.781074	1.1002
944	7552	1.1480e-05	0	3.244558180950747e+02	0.761604	-0.0504366	0.249024	0.781073	1.1002
945	7560	1.2734e-05	0	3.244325625514613e+02	0.761604	-0.0504364	0.249024	0.781073	1.1002
946	7568	1.3687e-05	0	3.244242213179385e+02	0.761604	-0.0504364	0.249024	0.781073	1.1002
947	7576	1.7422e-05	0	3.244302190512916e+02	0.761604	-0.0504359	0.249024	0.781072	1.1002
948	7584	2.0820e-05	0	3.244365120455421e+02	0.761603	-0.050436	0.249024	0.781072	1.1002
949	7592	2.2848e-05	0	3.244415613602543e+02	0.761604	-0.0504356	0.249024	0.781072	1.1002
950	7600	2.4346e-05	0	3.244556801995960e+02	0.761604	-0.0504356	0.249024	0.781073	1.1002
951	7608	2.1123e-05	0	3.244565592708896e+02	0.761604	-0.0504356	0.249024	0.781072	1.1002
952	7616	2.0492e-05	0	3.244249971237455e+02	0.761604	-0.0504359	0.249024	0.781072	1.1002
953	7624	2.0427e-05	0	3.244534433473266e+02	0.761603	-0.0504369	0.249024	0.781073	1.1002
954	7632	2.0074e-05	0	3.244288267190874e+02	0.761603	-0.050437	0.249024	0.781073	1.1002
955	7640	1.8301e-05	0	3.244498135033689e+02	0.761603	-0.0504369	0.249024	0.781073	1.1002
956	7648	1.9636e-05	0	3.244112416464519e+02	0.761603	-0.0504373	0.249024	0.781074	1.1002
957	7656	1.6577e-05	0	3.244349907841845e+02	0.761603	-0.0504369	0.249024	0.781074	1.1002
958	7664	1.7439e-05	0	3.244472751863858e+02	0.761604	-0.0504367	0.249024	0.781073	1.1002
959	7672	2.0368e-05	0	3.244628223454749e+02	0.761604	-0.0504365	0.249023	0.781074	1.1002
960	7680	2.2994e-05	0	3.244457487183815e+02	0.761605	-0.0504362	0.249023	0.781074	1.1002
961	7688	2.4990e-05	0	3.244363957785037e+02	0.761604	-0.0504365	0.249023	0.781074	1.1002
962	7696	2.8843e-05	0	3.244163648928175e+02	0.761605	-0.0504352	0.249023	0.781073	1.1002
963	7704	2.7746e-05	0	3.244537305772284e+02	0.761605	-0.050436	0.249022	0.781074	1.1002
964	7712	2.8499e-05	0	3.244489013103766e+02	0.761605	-0.050435	0.249023	0.781072	1.1002
965	7720	3.1703e-05	0	3.244392184118408e+02	0.761606	-0.0504341	0.249023	0.781072	1.1002
966	7728	2.7778e-05	0	3.244236345674096e+02	0.761605	-0.0504349	0.249023	0.781072	1.1002
967	7736	2.8814e-05	0	3.244297095839796e+02	0.761606	-0.0504354	0.249022	0.781073	1.1002
968	7744	3.2570e-05	0	3.244247707417290e+02	0.761606	-0.0504364	0.249022	0.781075	1.1002
969	7752	3.3884e-05	0	3.244314576166079e+02	0.761606	-0.0504348	0.249022	0.781073	1.1002
970	7760	2.9100e-05	0	3.244405046162853e+02	0.761606	-0.0504354	0.249022	0.781073	1.1002
971	7768	2.5479e-05	0	3.244467805833406e+02	0.761606	-0.0504354	0.249022	0.781073	1.1002
972	7776	2.2895e-05	0	3.244395405567926e+02	0.761606	-0.0504349	0.249023	0.781072	1.1002
973	7784	2.2545e-05	0	3.244424848886896e+02	0.761606	-0.0504343	0.249023	0.781072	1.1002
974	7792	2.0137e-05	0	3.244262888381136e+02	0.761606	-0.0504348	0.249023	0.781072	1.1002
975	7800	1.9601e-05	0	3.244504772788036e+02	0.761607	-0.050434	0.249022	0.781072	1.1002
976	7808	1.7897e-05	0	3.244356355819600e+02	0.761606	-0.0504349	0.249023	0.781072	1.1002
977	7816	1.8400e-05	0	3.244505078620261e+02	0.761606	-0.0504348	0.249022	0.781073	1.1002
978	7824	1.8304e-05	0	3.244287550149610e+02	0.761606	-0.0504345	0.249022	0.781072	1.1002
979	7832	1.8054e-05	0	3.244528618152117e+02	0.761606	-0.0504354	0.249022	0.781073	1.1002
980	7840	1.7609e-05	0	3.244351379567440e+02	0.761607	-0.0504345	0.249022	0.781073	1.1002
981	7848	1.6921e-05	0	3.244337420103526e+02	0.761607	-0.0504348	0.249022	0.781073	1.1002
982	7856	1.8335e-05	0	3.244562202274952e+02	0.761607	-0.0504344	0.249022	0.781072	1.1002
983	7864	1.8195e-05	0	3.244291017433272e+02	0.761607	-0.050434	0.249022	0.781072	1.1002
984	7872	1.9669e-05	0	3.244581101179124e+02	0.761607	-0.0504342	0.249022	0.781072	1.1002
985	7880	2.0167e-05	0	3.244250454652450e+02	0.761607	-0.0504341	0.249022	0.781072	1.1002
986	7888	1.8385e-05	0	3.244188886471481e+02	0.761607	-0.0504342	0.249022	0.781072	1.1002
987	7896	2.0093e-05	0	3.244437755073920e+02	0.761607	-0.0504337	0.249022	0.781072	1.1002
988	7904	2.1012e-05	0	3.244363337769440e+02	0.761607	-0.0504339	0.249022	0.781072	1.1002
989	7912	2.1864e-05	0	3.244301850081406e+02	0.761607	-0.0504333	0.249023	0.781071	1.1002
990	7920	2.4372e-05	0	3.244341157342351e+02	0.761608	-0.0504324	0.249022	0.78107	1.1002
991	7928	2.5035e-05	0	3.244392629711140e+02	0.761607	-0.0504339	0.249022	0.781072	1.1002
992	7936	2.6470e-05	0	3.244321821638807e+02	0.761607	-0.0504325	0.249023	0.78107	1.1002
993	7944	3.0519e-05	0	3.244400857235178e+02	0.761607	-0.0504327	0.249023	0.78107	1.1002
994	7952	3.4673e-05	0	3.244461872853802e+02	0.761606	-0.0504336	0.249023	0.781071	1.1002
995	7960	3.4046e-05	0	3.244280881011223e+02	0.761607	-0.0504327	0.249023	0.78107	1.1002
996	7968	3.0951e-05	0	3.244501382500775e+02	0.761607	-0.050433	0.249023	0.781071	1.1002
997	7976	3.2272e-05	0	3.244582491709361e+02	0.761606	-0.0504342	0.249024	0.781071	1.1002
998	7984	2.8872e-05	0	3.244331405235445e+02	0.761606	-0.0504336	0.249023	0.781071	1.1002
999	7992	3.0015e-05	0	3.244257891591296e+02	0.761605	-0.0504352	0.249024	0.781072	1.1002
1000	8000	2.8130e-05	0	3.244348105059053e+02	0.761605	-0.0504349	0.249023	0.781072	1.1002
1001	8008	2.7040e-05	0	3.244476995002960e+02	0.761605	-0.0504355	0.249023	0.781072	1.1002
1002	8016	2.5877e-05	0	3.244383198581739e+02	0.761605	-0.0504354	0.249024	0.781072	1.1002
1003	8024	2.4816e-05	0	3.244261096529906e+02	0.761605	-0.0504351	0.249023	0.781073	1.1002
1004	8032	2.3738e-05	0	3.244305067909971e+02	0.761604	-0.050436	0.249024	0.781073	1.1002
1005	8040	2.0241e-05	0	3.244484307352983e+02	0.761604	-0.0504362	0.249024	0.781073	1.1002
1006	8048	2.0359e-05	0	3.244608998527298e+02	0.761605	-0.0504359	0.249023	0.781073	1.1002
1007	8056	2.1428e-05	0	3.244353580599470e+02	0.761604	-0.0504362	0.249024	0.781073	1.1002
1008	8064	2.5051e-05	0	3.244538937686049e+02	0.761604	-0.050436	0.249023	0.781073	1.1002
1009	8072	3.0400e-05	0	3.244259378351336e+02	0.761603	-0.0504371	0.249024	0.781074	1.1002
1010	8080	3.4264e-05	0	3.244422168230824e+02	0.761603	-0.0504376	0.249024	0.781074	1.1002
1011	8088	2.9934e-05	0	3.244358152880123e+02	0.761604	-0.0504367	0.249024	0.781073	1.1002
1012	8096	3.0936e-05	0	3.244672655883585e+02	0.761603	-0.0504377	0.249024	0.781074	1.1002
1013	8104	3.0172e-05	0	3.244437483981908e+02	0.761604	-0.0504375	0.249023	0.781074	1.1002
1014	8112	2.8702e-05	0	3.244471424979254e+02	0.761604	-0.0504369	0.249023	0.781074	1.1002
1015	8120	3.0453e-05	0	3.244524959274376e+02	0.761605	-0.0504366	0.249022	0.781074	1.1002
1016	8128	2.6563e-05	0	3.244371355399891e+02	0.761604	-0.0504367	0.249023	0.781074	1.1002
1017	8136	2.3876e-05	0	3.244301972252613e+02	0.761604	-0.0504369	0.249023	0.781073	1.1002
1018	8144	2.0396e-05	0	3.244443347138458e+02	0.761605	-0.0504361	0.249023	0.781073	1.1002
1019	8152	1.9670e-05	0	3.244495334497824e+02	0.761604	-0.0504363	0.249023	0.781073	1.1002
1020	8160	1.6083e-05	0	3.244555335421743e+02	0.761604	-0.0504363	0.249023	0.781073	1.1002
1021	8168	1.3971e-05	0	3.244393077368080e+02	0.761604	-0.0504363	0.249023	0.781073	1.1002
1022	8176	1.3981e-05	0	3.244336553252207e+02	0.761605	-0.0504358	0.249023	0.781073	1.1002
1023	8184	1.2417e-05	0	3.244588883462271e+02	0.761604	-0.0504363	0.249023	0.781073	1.1002
1024	8192	1.0643e-05	0	3.244437190507819e+02	0.761604	-0.0504363	0.249023	0.781073	1.1002
1025	8200	1.0248e-05	0	3.244335255755971e+02	0.761604	-0.0504365	0.249023	0.781073	1.1002
1026	8208	1.1325e-05	0	3.244201543346091e+02	0.761605	-0.0504365	0.249023	0.781074	1.1002
1027	8216	1.0582e-05	0	3.244369323998581e+02	0.761605	-0.0504365	0.249023	0.781074	1.1002
1028	8224	1.0332e-05	0	3.244434109184960e+02	0.761605	-0.0504364	0.249023	0.781073	1.1002
1029	8232	1.0148e-05	0	3.244355390532313e+02	0.761605	-0.0504361	0.249023	0.781073	1.1002
1030	8240	1.0161e-05	0	3.244138878104362e+02	0.761605	-0.0504359	0.249023	0.781073	1.1002
1031	8248	9.3951e-06	0	3.244560766615666e+02	0.761605	-0.0504362	0.249023	0.781073	1.1002
1032	8256	9.6276e-06	0	3.244341768760934e+02	0.761605	-0.0504361	0.249023	0.781073	1.1002
1033	8264	8.7054e-06	0	3.244313204024078e+02	0.761605	-0.0504361	0.249023	0.781073	1.1002
1034	8272	8.3225e-06	0	3.244264750832228e+02	0.761605	-0.0504363	0.249023	0.781073	1.1002
1035	8280	6.7983e-06	0	3.244431625241320e+02	0.761605	-0.0504362	0.249023	0.781073	1.1002
1036	8288	5.8982e-06	0	3.244298940924603e+02	0.761605	-0.0504362	0.249023	0.781073	1.1002
1037	8296	5.4484e-06	0	3.244382078619116e+02	0.761605	-0.0504362	0.249023	0.781074	1.1002
1038	8304	6.8594e-06	0	3.244406436187465e+02	0.761605	-0.0504364	0.249023	0.781074	1.1002
1039	8312	6.5146e-06	0	3.244590441964052e+02	0.761605	-0.0504362	0.249023	0.781073	1.1002
1040	8320	7.1491e-06	0	3.244296036917957e+02	0.761605	-0.0504363	0.249023	0.781074	1.1002
1041	8328	7.1708e-06	0	3.244420377353993e+02	0.761605	-0.0504363	0.249023	0.781073	1.1002
1042	8336	7.1372e-06	0	3.244340591725287e+02	0.761605	-0.0504363	0.249023	0.781073	1.1002
1043	8344	6.9149e-06	0	3.244429314248422e+02	0.761605	-0.0504361	0.249023	0.781073	1.1002
1044	8352	6.8118e-06	0	3.244159415241848e+02	0.761605	-0.0504361	0.249023	0.781073	1.1002
1045	8360	6.7639e-06	0	3.244416708683888e+02	0.761605	-0.0504361	0.249023	0.781073	1.1002
1046	8368	6.4965e-06	0	3.244510830548458e+02	0.761605	-0.0504361	0.249023	0.781073	1.1002
1047	8376	5.2665e-06	0	3.244373206825288e+02	0.761605	-0.0504361	0.249023	0.781073	1.1002
1048	8384	5.2849e-06	0	3.244310699407502e+02	0.761605	-0.0504362	0.249023	0.781073	1.1002
1049	8392	5.0007e-06	0	3.244347864940773e+02	0.761605	-0.0504362	0.249023	0.781073	1.1002
1050	8400	4.9003e-06	0	3.244468049865239e+02	0.761605	-0.0504361	0.249023	0.781073	1.1002
1051	8408	4.8550e-06	0	3.244367156633348e+02	0.761605	-0.0504361	0.249023	0.781073	1.1002
1052	8416	4.5797e-06	0	3.244298872027756e+02	0.761605	-0.0504361	0.249023	0.781073	1.1002
1053	8424	4.3013e-06	0	3.244291346723782e+02	0.761605	-0.0504361	0.249023	0.781073	1.1002
1054	8432	4.1001e-06	0	3.244491792832375e+02	0.761605	-0.050436	0.249023	0.781073	1.1002
1055	8440	3.8648e-06	0	3.244400021806342e+02	0.761605	-0.0504361	0.249023	0.781073	1.1002
1056	8448	3.9423e-06	0	3.244475524205763e+02	0.761605	-0.050436	0.249023	0.781073	1.1002
1057	8456	3.4338e-06	0	3.244440361788893e+02	0.761605	-0.050436	0.249023	0.781073	1.1002
1058	8464	3.7844e-06	0	3.244260867269410e+02	0.761605	-0.050436	0.249023	0.781073	1.1002
1059	8472	4.0346e-06	0	3.244283245709690e+02	0.761605	-0.050436	0.249023	0.781073	1.1002
1061	8488	4.1198e-06	0	3.244434734861642e+02	0.761605	-0.050436	0.249023	0.781073	1.1002
1064	8512	3.0730e-06	0	3.244336757564467e+02	0.761605	-0.050436	0.249023	0.781073	1.1002
1068	8544	2.9826e-06	0	3.244337694639961e+02	0.761605	-0.0504359	0.249023	0.781073	1.1002
1073	8584	2.9200e-06	0	3.244498825605392e+02	0.761605	-0.0504359	0.249023	0.781073	1.1002
1079	8632	1.5545e-06	0	3.244277831033362e+02	0.761605	-0.0504359	0.249023	0.781073	1.1002
1086	8688	1.3303e-06	0	3.244436273496978e+02	0.761605	-0.050436	0.249023	0.781073	1.1002
1094	8752	1.2519e-06	0	3.244283641223185e+02	0.761605	-0.0504359	0.249023	0.781073	1.1002
1103	8824	7.3759e-07	0	3.244249736831675e+02	0.761605	-0.0504359	0.249023	0.781073	1.1002
1113	8904	8.0824e-07	0	3.244458978689977e+02	0.761605	-0.0504359	0.249023	0.781073	1.1002
1124	8992	1.6571e-06	0	3.244407703707217e+02	0.761605	-0.0504359	0.249023	0.781073	1.1002
1136	9088	1.9708e-06	0	3.244423303448996e+02	0.761605	-0.050436	0.249023	0.781073	1.1002
1149	9192	2.1124e-06	0	3.244372561273943e+02	0.761605	-0.0504359	0.249023	0.781073	1.1002
1163	9304	1.6653e-06	0	3.244320386615971e+02	0.761605	-0.0504359	0.249023	0.781073	1.1002
1178	9424	1.6570e-06	0	3.244265892081913e+02	0.761605	-0.0504359	0.249023	0.781073	1.1002
1194	9552	1.3717e-06	0	3.244471744687971e+02	0.761605	-0.0504359	0.249023	0.781073	1.1002
1211	9688	2.0739e-06	0	3.244544050178902e+02	0.761605	-0.0504359	0.249023	0.781073	1.1002
1229	9832	3.2584e-06	0	3.244409066663936e+02	0.761605	-0.0504359	0.249023	0.781073	1.1002
1248	9984	3.7285e-06	0	3.244341915983719e+02	0.761605	-0.0504358	0.249023	0.781073	1.1002
1268	10144	9.3266e-06	0	3.244662624205663e+02	0.761605	-0.0504359	0.249023	0.781073	1.1002
1289	10312	1.9162e-05	0	3.244466643821494e+02	0.761605	-0.0504364	0.249023	0.781073	1.1002
1311	10488	3.0873e-05	0	3.244257820840161e+02	0.761605	-0.0504363	0.249023	0.781073	1.1002
1334	10672	2.2141e-05	0	3.244445816589404e+02	0.761605	-0.0504361	0.249023	0.781073	1.1002
1358	10864	4.3143e-05	0	3.244315941998399e+02	0.761604	-0.0504357	0.249023	0.781072	1.1002
1383	11064	2.4367e-04	0	3.244530968882243e+02	0.761608	-0.0504349	0.249019	0.781073	1.1002
1409	11272	5.4677e-04	0	3.244256153974365e+02	0.761619	-0.0504354	0.249005	0.781082	1.10019
1436	11488	5.2621e-03	0	3.244311590440781e+02	0.761796	-0.0503207	0.248874	0.781071	1.10005
1464	11712	2.4998e-03	0	3.244187458769481e+02	0.761875	-0.05032	0.248782	0.781138	1.09999
1493	11944	1.2646e-03	0	3.244374596694542e+02	0.761912	-0.0503031	0.24875	0.781136	1.09995
1523	12184	6.4463e-04	0	3.244207157132820e+02	0.761904	-0.0503157	0.248753	0.781146	1.09996
1554	12432	8.6376e-04	0	3.244485561401971e+02	0.761911	-0.0503139	0.248747	0.781141	1.09995
1586	12688	1.0366e-03	0	3.244386576416886e+02	0.761889	-0.0503199	0.248768	0.781131	1.09997
1619	12952	4.9773e-04	0	3.244224066844126e+02	0.761902	-0.0503189	0.248755	0.781143	1.09996
1653	13224	2.1106e-04	0	3.244347051776865e+02	0.761898	-0.05032	0.248758	0.781142	1.09997
1688	13504	2.8733e-04	0	3.244413675739644e+02	0.761895	-0.0503211	0.248761	0.781141	1.09997
1724	13792	9.5938e-04	0	3.244469278610022e+02	0.761908	-0.0503183	0.248748	0.781152	1.09996
1761	14088	2.3775e-04	0	3.244250520049217e+02	0.761903	-0.0503207	0.248753	0.78115	1.09996
1799	14392	4.6294e-04	0	3.244252227839538e+02	0.7619	-0.0503206	0.248757	0.781148	1.09997
1838	14704	5.0535e-04	0	3.244276158203558e+02	0.761897	-0.0503222	0.248759	0.781147	1.09997
1878	15024	1.7410e-04	0	3.244485782537087e+02	0.761891	-0.0503241	0.248764	0.781146	1.09997
1919	15352	4.9555e-04	0	3.244445912264537e+02	0.761879	-0.0503282	0.248775	0.781141	1.09998
1961	15688	2.2095e-04	0	3.244524557466714e+02	0.76188	-0.0503286	0.248774	0.781141	1.09998
2004	16032	2.7469e-04	0	3.244341044018038e+02	0.761879	-0.0503291	0.248775	0.781141	1.09998
2048	16384	1.8180e-03	0	3.244445484020034e+02	0.761919	-0.0503156	0.248737	0.781159	1.09995
2093	16744	6.3886e-04	0	3.244473619720331e+02	0.761906	-0.0503186	0.24875	0.781152	1.09996
2139	17112	2.3499e-04	0	3.244455025238937e+02	0.761904	-0.0503194	0.248753	0.78115	1.09996
2158	17264	2.3957e-04	0	3.244214297469870e+02	0.761905	-0.050319	0.248751	0.781151	1.09996
2205	17640	1.2431e-04	0	3.244324084806784e+02	0.761905	-0.0503189	0.248751	0.781151	1.09996
2253	18024	2.1028e-04	0	3.244473646235890e+02	0.761903	-0.0503195	0.248753	0.78115	1.09996
2302	18416	3.8346e-04	0	3.244541399526722e+02	0.761889	-0.0503236	0.248767	0.781144	1.09998
2352	18816	5.4306e-04	0	3.244431921186581e+02	0.761877	-0.050327	0.248778	0.781139	1.09998
