0	0	0.02	0.0135301	0.00270603	0.0110565	4.74733	5.10169
1	0	0.1	0.0627306	0.0152522	0.0651106	3.42165	3.60338
2	0	0.16	0.178352	0.0509225	0.160934	3.09347	3.10899
3	0	0.28	0.223862	0.095695	0.197789	2.97476	2.94276
4	0	0.16	0.266913	0.149077	0.226044	2.8919	3.15873
5	0	0.28	0.297663	0.205904	0.256757	2.81698	2.84072
6	0	0.26	0.303813	0.254121	0.276413	2.76811	2.83094
7	0	0.38	0.344403	0.287331	0.316953	2.71429	2.51561
8	0	0.38	0.369004	0.316359	0.331695	2.67444	2.62198
9	0	0.38	0.378844	0.338745	0.35258	2.62429	2.79733
10	0	0.36	0.392374	0.357688	0.364865	2.58199	2.6656
11	0	0.56	0.415744	0.380074	0.390663	2.53621	2.37445
12	0	0.42	0.426814	0.396556	0.406634	2.49102	2.37046
13	0	0.36	0.434194	0.409594	0.418919	2.47089	2.62961
14	0	0.36	0.456335	0.425092	0.420147	2.43948	2.64065
15	0	0.44	0.483395	0.443296	0.436118	2.40293	2.44279
16	0	0.52	0.469865	0.454121	0.432432	2.37525	2.08561
17	0	0.42	0.490775	0.466913	0.443489	2.34574	2.39397
18	0	0.58	0.500615	0.480197	0.470516	2.30684	2.16741
19	0	0.58	0.511685	0.491267	0.461916	2.29594	2.29471
20	0	0.52	0.512915	0.497171	0.477887	2.2587	2.24285
21	0	0.54	0.519065	0.507011	0.47543	2.23518	2.04137
22	0	0.38	0.532595	0.515375	0.479115	2.21736	2.25263
23	0	0.62	0.519065	0.519065	0.492629	2.20578	1.8372
24	0	0.62	0.544895	0.525707	0.5	2.15898	1.92233
25	0	0.52	0.543665	0.531857	0.496314	2.13853	2.15512
26	0	0.6	0.557196	0.539483	0.503685	2.12496	2.02817
27	0	0.5	0.549815	0.542927	0.513514	2.1088	2.13603
28	0	0.64	0.557196	0.550553	0.514742	2.10958	1.87489
29	0	0.54	0.551046	0.551784	0.525798	2.04566	1.96506
30	0	0.58	0.564576	0.555966	0.522113	2.03289	1.95546
31	0	0.62	0.558426	0.556212	0.53317	2.0374	2.03747
32	0	0.52	0.571956	0.56064	0.53317	2.00223	1.99438
33	0	0.52	0.580566	0.565314	0.536855	1.96981	2.18498
34	0	0.6	0.584256	0.571956	0.536855	1.97748	2.04356
35	0	0.64	0.585486	0.576138	0.55774	1.95439	1.92731
36	0	0.62	0.581796	0.580812	0.542998	1.93137	1.70528
37	0	0.72	0.586716	0.583764	0.551597	1.91417	1.69055
38	0	0.54	0.599016	0.587454	0.550369	1.89583	2.09823
39	0	0.62	0.583026	0.587454	0.550369	1.88181	1.68382
40	0	0.52	0.600246	0.59016	0.54914	1.86393	2.07135
41	0	0.6	0.600246	0.59385	0.567568	1.85194	1.94365
42	0	0.64	0.611316	0.59877	0.563882	1.82916	1.8302
43	0	0.64	0.612546	0.601476	0.57371	1.83274	1.77806
44	0	0.6	0.618696	0.60861	0.572482	1.81067	1.8066
45	0	0.7	0.616236	0.611808	0.58231	1.78055	1.62988
46	0	0.56	0.607626	0.613284	0.57371	1.78508	1.75615
47	0	0.68	0.619926	0.615006	0.594595	1.76903	1.71711
48	0	0.76	0.617466	0.61599	0.583538	1.75288	1.4926
49	0	0.72	0.628536	0.617958	0.599509	1.74235	1.54512
50	0	0.7	0.629766	0.620664	0.595823	1.70831	1.51686
51	0	0.7	0.630996	0.625338	0.584767	1.73218	1.4407
52	0	0.64	0.632226	0.627798	0.592138	1.72772	1.59094
53	0	0.7	0.633456	0.630996	0.599509	1.7069	1.41671
54	0	0.74	0.629766	0.631242	0.597052	1.68924	1.43792
55	0	0.86	0.634686	0.632226	0.595823	1.66963	1.22126
56	0	0.68	0.638376	0.633702	0.599509	1.66098	1.50945
57	0	0.74	0.634686	0.634194	0.593366	1.64943	1.362
58	0	0.52	0.645756	0.636654	0.60688	1.65767	1.89049
59	0	0.82	0.645756	0.639852	0.610565	1.64444	1.23632
60	0	0.56	0.639606	0.640836	0.613022	1.63319	1.76666
61	0	0.8	0.644526	0.642066	0.617936	1.61951	1.10009
62	0	0.68	0.644526	0.644034	0.609337	1.61704	1.57025
63	0	0.66	0.643296	0.644034	0.609337	1.59919	1.38426
64	0	0.68	0.650676	0.644526	0.616708	1.57834	1.46716
65	0	0.64	0.638376	0.644526	0.616708	1.56619	1.67039
66	0	0.66	0.643296	0.644526	0.616708	1.5708	1.52056
67	0	0.76	0.654367	0.646002	0.636364	1.5635	1.30468
68	0	0.66	0.661747	0.649692	0.628993	1.54538	1.46607
69	0	0.8	0.655597	0.650677	0.628993	1.53317	1.55269
70	0	0.72	0.655597	0.654121	0.638821	1.53636	1.39353
71	0	0.66	0.655597	0.656581	0.635135	1.52645	1.46511
72	0	0.82	0.658057	0.657319	0.637592	1.51011	1.26269
73	0	0.66	0.655597	0.657319	0.637592	1.51173	1.44611
74	0	0.76	0.665437	0.658057	0.637592	1.51362	1.33295
75	0	0.72	0.658057	0.658549	0.646192	1.49301	1.29264
76	0	0.68	0.659287	0.659287	0.636364	1.49737	1.48239
77	0	0.6	0.661747	0.660025	0.643735	1.47573	1.81288
78	0	0.64	0.660517	0.661009	0.640049	1.4632	1.62979
79	0	0.7	0.665437	0.661009	0.640049	1.47348	1.32844
80	0	0.62	0.672817	0.663961	0.646192	1.47337	1.50435
81	0	0.72	0.664207	0.664945	0.646192	1.45475	1.41457
82	0	0.74	0.676507	0.667897	0.640049	1.45798	1.32097
83	0	0.72	0.671587	0.670111	0.652334	1.43977	1.33603
84	0	0.7	0.677737	0.672571	0.652334	1.45834	1.14268
85	0	0.7	0.671587	0.672571	0.652334	1.44419	1.37669
86	0	0.74	0.666667	0.672817	0.64742	1.42783	1.2674
87	0	0.66	0.678967	0.673309	0.654791	1.42394	1.56961
88	0	0.7	0.678967	0.674785	0.654791	1.41902	1.25863
89	0	0.72	0.682657	0.675769	0.658477	1.4117	1.38908
90	0	0.72	0.675277	0.676507	0.657248	1.41394	1.29653
91	0	0.72	0.680197	0.679213	0.659705	1.39728	1.19577
92	0	0.8	0.681427	0.679705	0.658477	1.40259	1.20756
93	0	0.74	0.669127	0.679705	0.658477	1.38378	1.26634
94	0	0.74	0.677737	0.679705	0.658477	1.37209	1.30065
95	0	0.66	0.685117	0.679705	0.658477	1.36979	1.36924
96	0	0.8	0.681427	0.679705	0.658477	1.36969	1.06648
97	0	0.58	0.686347	0.679951	0.663391	1.3611	1.48697
98	0	0.66	0.688807	0.683887	0.663391	1.35403	1.46725
99	0	0.6	0.691267	0.686593	0.667076	1.35801	1.61719
100	0	0.8	0.703567	0.690283	0.667076	1.35022	0.963143
101	0	0.78	0.699877	0.693973	0.667076	1.33974	1.22746
102	0	0.76	0.688807	0.694465	0.662162	1.3344	1.15371
103	0	0.8	0.704797	0.697663	0.667076	1.33969	0.976983
104	0	0.76	0.681427	0.697663	0.667076	1.32912	1.16469
105	0	0.78	0.683887	0.697663	0.667076	1.3301	0.985383
106	0	0.58	0.696187	0.697663	0.667076	1.31866	1.72614
107	0	0.66	0.704797	0.697663	0.667076	1.31283	1.23533
108	0	0.74	0.698647	0.697663	0.667076	1.31642	1.1568
109	0	0.82	0.696187	0.697663	0.667076	1.30801	0.967093
110	0	0.68	0.699877	0.699139	0.669533	1.2932	1.3109
111	0	0.74	0.701107	0.700123	0.664619	1.29371	1.19042
112	0	0.64	0.710947	0.701353	0.668305	1.30211	1.47287
113	0	0.8	0.702337	0.702091	0.663391	1.27953	1.09772
114	0	0.82	0.707257	0.704305	0.669533	1.30065	1.07257
115	0	0.72	0.702337	0.704797	0.660934	1.2795	1.1223
116	0	0.86	0.717097	0.707995	0.679361	1.28522	0.912102
117	0	0.72	0.713407	0.708487	0.675676	1.28595	1.41653
118	0	0.82	0.712177	0.710455	0.67199	1.26658	1.04137
119	0	0.78	0.717097	0.712423	0.67199	1.27395	1.1062
120	0	0.88	0.712177	0.714391	0.673219	1.26167	0.765957
121	0	0.74	0.710947	0.714391	0.673219	1.25839	1.10825
122	0	0.76	0.722017	0.714883	0.683047	1.25814	1.07924
123	0	0.72	0.708487	0.714883	0.683047	1.24627	1.19505
124	0	0.78	0.728167	0.716359	0.68059	1.24195	1.20576
125	0	0.78	0.713407	0.716605	0.665848	1.23357	1.08485
126	0	0.76	0.715867	0.717589	0.678133	1.23765	1.16627
127	0	0.7	0.722017	0.717589	0.678133	1.22986	1.2274
128	0	0.74	0.728167	0.721525	0.679361	1.24239	1.12142
129	0	0.8	0.717097	0.721525	0.679361	1.22881	1.17906
130	0	0.72	0.713407	0.721525	0.679361	1.22152	1.21385
131	0	0.76	0.720787	0.721525	0.679361	1.22709	1.07364
132	0	0.74	0.736777	0.723247	0.686732	1.21398	1.15943
133	0	0.74	0.731857	0.723985	0.695332	1.2178	1.17128
134	0	0.78	0.724477	0.725461	0.678133	1.21287	1.06105
135	0	0.72	0.728167	0.728413	0.683047	1.21222	0.997433
136	0	0.78	0.733087	0.730873	0.676904	1.20145	1.16495
137	0	0.68	0.720787	0.730873	0.676904	1.20111	1.25607
138	0	0.68	0.733087	0.730873	0.676904	1.19537	1.24661
139	0	0.78	0.726937	0.730873	0.676904	1.19868	1.10924
140	0	0.74	0.723247	0.730873	0.676904	1.18478	1.09082
141	0	0.7	0.725707	0.730873	0.676904	1.18616	1.10195
142	0	0.72	0.723247	0.730873	0.676904	1.18327	1.20547
143	0	0.78	0.741697	0.730873	0.676904	1.17923	0.986459
144	0	0.8	0.740467	0.730873	0.694103	1.17706	0.967398
145	0	0.66	0.738007	0.733825	0.69656	1.17788	1.34666
146	0	0.84	0.739237	0.736531	0.692875	1.16539	0.893693
147	0	0.82	0.733087	0.738499	0.692875	1.15964	0.959305
148	0	0.8	0.747847	0.739729	0.690418	1.15746	0.947353
149	0	0.8	0.736777	0.739729	0.690418	1.155	0.951512
150	0	0.76	0.746617	0.740713	0.707617	1.16085	0.995445
151	0	0.78	0.730627	0.740713	0.707617	1.15079	0.887217
152	0	0.76	0.738007	0.740713	0.707617	1.14647	1.06877
153	0	0.74	0.735547	0.740713	0.707617	1.14989	1.01415
154	0	0.66	0.725707	0.740713	0.707617	1.1527	1.18637
155	0	0.62	0.740467	0.740713	0.707617	1.14889	1.24681
156	0	0.74	0.741697	0.740713	0.707617	1.14445	1.11815
157	0	0.78	0.731857	0.740713	0.707617	1.13932	0.930703
158	0	0.64	0.735547	0.740713	0.707617	1.13557	1.35144
159	0	0.8	0.746617	0.740713	0.707617	1.12472	1.00665
160	0	0.78	0.742927	0.740713	0.707617	1.13278	1.0385
161	0	0.88	0.740467	0.740713	0.707617	1.13281	0.891452
162	0	0.86	0.747847	0.742681	0.713759	1.1237	0.805272
163	0	0.82	0.751538	0.745879	0.70516	1.12781	0.89626
164	0	0.82	0.755228	0.747601	0.708845	1.12551	0.856748
165	0	0.72	0.745387	0.748093	0.700246	1.11339	1.03773
166	0	0.68	0.749077	0.749815	0.707617	1.12268	1.13461
167	0	0.82	0.755228	0.751292	0.707617	1.11282	0.787422
168	0	0.78	0.745387	0.751292	0.707617	1.11505	0.942415
169	0	0.76	0.741697	0.751292	0.707617	1.10383	1.16655
170	0	0.78	0.752768	0.751292	0.707617	1.09164	0.906583
171	0	0.74	0.747847	0.751292	0.707617	1.09291	1.03245
172	0	0.72	0.750308	0.751292	0.707617	1.09672	1.08751
173	0	0.7	0.744157	0.751292	0.707617	1.09407	1.23003
174	0	0.74	0.758918	0.751292	0.707617	1.09603	1.02185
175	0	0.72	0.755228	0.751292	0.707617	1.08675	1.07916
176	0	0.8	0.739237	0.751292	0.707617	1.07699	0.77431
177	0	0.76	0.756458	0.751292	0.707617	1.08584	1.05532
178	0	0.72	0.750308	0.75203	0.719902	1.09189	1.09784
179	0	0.68	0.755228	0.75203	0.719902	1.08145	1.02233
180	0	0.72	0.747847	0.75203	0.719902	1.06064	1.20478
181	0	0.76	0.763838	0.754736	0.727273	1.07372	0.925805
182	0	0.84	0.755228	0.754736	0.727273	1.06794	0.924098
183	0	0.78	0.762608	0.75695	0.722359	1.06421	0.958362
184	0	0.76	0.757688	0.757442	0.712531	1.06969	0.885861
185	0	0.78	0.758918	0.759656	0.714988	1.06659	0.862746
186	0	0.78	0.758918	0.759656	0.714988	1.06646	0.907984
187	0	0.74	0.757688	0.759656	0.714988	1.06906	1.06902
188	0	0.78	0.758918	0.759656	0.714988	1.05581	1.00616
189	0	0.76	0.745387	0.759656	0.714988	1.05611	0.889728
190	0	0.72	0.751538	0.759656	0.714988	1.05909	0.94343
191	0	0.82	0.761378	0.759656	0.714988	1.04504	0.967969
192	0	0.8	0.756458	0.759656	0.714988	1.04186	0.862942
193	0	0.78	0.763838	0.759656	0.714988	1.04894	0.977598
194	0	0.86	0.758918	0.759656	0.714988	1.048	0.743697
195	0	0.78	0.753998	0.759656	0.714988	1.04739	1.03126
196	0	0.66	0.765068	0.759656	0.714988	1.03939	1.16533
197	0	0.88	0.756458	0.759656	0.714988	1.03635	0.660891
198	0	0.7	0.749077	0.759656	0.714988	1.04134	1.09928
199	0	0.76	0.755228	0.759656	0.714988	1.03204	0.906726
200	0	0.8	0.755228	0.759656	0.714988	1.03077	0.837103
201	0	0.78	0.765068	0.759656	0.714988	1.02191	0.974732
202	0	0.82	0.760148	0.759656	0.714988	1.03262	0.797178
203	0	0.78	0.758918	0.759656	0.714988	1.02624	0.945487
204	0	0.82	0.761378	0.760148	0.726044	1.02476	0.811494
205	0	0.74	0.752768	0.760148	0.726044	1.01644	0.850443
206	0	0.68	0.755228	0.760148	0.726044	1.02171	1.03895
207	0	0.7	0.758918	0.760148	0.726044	1.01227	1.05736
208	0	0.86	0.766298	0.760148	0.726044	1.02312	0.788356
209	0	0.76	0.774908	0.761624	0.738329	1.02277	0.961758
210	0	0.74	0.757688	0.762608	0.735872	1.01803	0.952499
211	0	0.76	0.772448	0.766052	0.733415	1.01023	0.892223
212	0	0.82	0.760148	0.766298	0.732187	1.00598	0.983933
213	0	0.74	0.757688	0.766298	0.732187	1.0077	0.782652
214	0	0.9	0.760148	0.766298	0.732187	1.00581	0.602657
215	0	0.86	0.765068	0.766298	0.732187	1.00932	0.806202
216	0	0.76	0.763838	0.766298	0.732187	1.00096	0.822993
217	0	0.9	0.767528	0.766298	0.732187	1.00247	0.596786
218	0	0.76	0.755228	0.766298	0.732187	1.0055	0.909468
219	0	0.66	0.767528	0.766298	0.732187	0.997494	1.10073
220	0	0.78	0.767528	0.766298	0.732187	0.995566	0.864353
221	0	0.76	0.766298	0.766298	0.732187	0.995244	1.04619
222	0	0.8	0.765068	0.766298	0.732187	0.991258	0.672577
223	0	0.86	0.766298	0.766544	0.735872	0.987852	0.88546
224	0	0.92	0.771218	0.767282	0.7457	0.999185	0.553174
225	0	0.78	0.769988	0.767774	0.737101	0.990236	1.00761
226	0	0.76	0.777368	0.769988	0.749386	0.989054	0.965056
227	0	0.76	0.771218	0.771218	0.740786	0.98833	0.998274
228	0	0.74	0.769988	0.771956	0.7457	0.992568	0.985876
229	0	0.78	0.777368	0.773186	0.742015	0.979219	0.822128
230	0	0.72	0.767528	0.773186	0.742015	0.981033	1.04635
231	0	0.8	0.774908	0.773186	0.742015	0.982245	0.754986
232	0	0.78	0.774908	0.773186	0.742015	0.977043	0.859275
233	0	0.84	0.769988	0.773186	0.742015	0.982983	0.758893
234	0	0.72	0.771218	0.773186	0.742015	0.970044	1.16103
235	0	0.78	0.772448	0.773186	0.742015	0.973558	1.05834
236	0	0.86	0.778598	0.773432	0.739558	0.97127	0.66035
237	0	0.8	0.772448	0.773432	0.739558	0.972585	0.803907
238	0	0.82	0.774908	0.773924	0.751843	0.971995	0.789215
239	0	0.86	0.779828	0.775646	0.740786	0.978591	0.77883
240	0	0.76	0.774908	0.776138	0.746929	0.970999	1.03035
241	0	0.84	0.783518	0.777122	0.7543	0.967602	0.71516
242	0	0.84	0.777368	0.778106	0.746929	0.962785	0.785014
243	0	0.76	0.774908	0.778106	0.746929	0.956262	0.914169
244	0	0.84	0.778598	0.778106	0.746929	0.961658	0.886847
245	0	0.86	0.777368	0.778352	0.744472	0.959219	0.640205
246	0	0.86	0.773678	0.778352	0.744472	0.949	0.648515
247	0	0.7	0.779828	0.778352	0.744472	0.955205	1.10867
248	0	0.74	0.777368	0.778352	0.744472	0.950712	0.896325
249	0	0.74	0.782288	0.778352	0.744472	0.94833	0.995752
250	0	0.84	0.784748	0.779582	0.759214	0.950027	0.820383
251	0	0.86	0.779828	0.780812	0.757985	0.942488	0.720452
252	0	0.74	0.774908	0.780812	0.757985	0.960666	0.948067
253	0	0.78	0.789668	0.782288	0.757985	0.956258	0.833251
254	0	0.82	0.771218	0.782288	0.757985	0.95143	0.823555
255	0	0.92	0.782288	0.782288	0.757985	0.940582	0.592704
256	0	0.78	0.784748	0.782288	0.757985	0.944357	0.768266
257	0	0.72	0.779828	0.782288	0.757985	0.944112	0.966376
258	0	0.9	0.784748	0.782288	0.757985	0.939461	0.715879
259	0	0.82	0.784748	0.783272	0.759214	0.933885	0.884131
260	0	0.84	0.783518	0.783518	0.757985	0.938132	0.84024
261	0	0.76	0.782288	0.783518	0.757985	0.931393	0.86204
262	0	0.86	0.788438	0.784748	0.757985	0.932395	0.846739
263	0	0.72	0.789668	0.785732	0.761671	0.93585	1.00138
264	0	0.86	0.772448	0.785732	0.761671	0.932665	0.67026
265	0	0.82	0.784748	0.785732	0.761671	0.930198	0.856318
266	0	0.8	0.787208	0.785732	0.761671	0.926718	0.81809
267	0	0.78	0.781058	0.785732	0.761671	0.935857	0.846948
268	0	0.8	0.784748	0.785732	0.761671	0.924437	0.901898
269	0	0.8	0.790898	0.785732	0.761671	0.922837	0.914085
270	0	0.78	0.784748	0.785732	0.761671	0.923515	0.785164
271	0	0.82	0.785978	0.785732	0.761671	0.919353	0.837835
272	0	0.8	0.787208	0.786716	0.757985	0.923577	0.735547
273	0	0.82	0.788438	0.787454	0.761671	0.925355	0.687693
274	0	0.86	0.788438	0.787454	0.761671	0.919597	0.660171
275	0	0.76	0.787208	0.787454	0.761671	0.914138	0.950479
276	0	0.74	0.785978	0.787454	0.761671	0.916237	0.790922
277	0	0.8	0.789668	0.787946	0.767813	0.920546	0.900544
278	0	0.82	0.787208	0.787946	0.767813	0.921727	0.743388
279	0	0.88	0.792128	0.788438	0.757985	0.916504	0.624767
280	0	0.78	0.793358	0.789668	0.765356	0.916558	0.964245
281	0	0.8	0.779828	0.789668	0.765356	0.908041	0.638756
282	0	0.76	0.792128	0.789668	0.765356	0.918809	0.839865
283	0	0.74	0.798278	0.791144	0.766585	0.907814	0.997497
284	0	0.9	0.797048	0.792128	0.765356	0.909274	0.589658
285	0	0.84	0.788438	0.792128	0.765356	0.908303	0.726816
286	0	0.8	0.784748	0.792128	0.764128	0.913502	0.783803
287	0	0.9	0.794588	0.79262	0.759214	0.897378	0.590816
288	0	0.74	0.781058	0.79262	0.759214	0.900277	1.1812
289	0	0.82	0.792128	0.79262	0.759214	0.902527	0.704789
290	0	0.82	0.790898	0.79262	0.759214	0.901026	0.815454
291	0	0.8	0.795818	0.79262	0.759214	0.90286	0.846048
292	0	0.82	0.789668	0.79262	0.759214	0.899071	0.865478
293	0	0.78	0.792128	0.79262	0.759214	0.905669	0.799541
294	0	0.84	0.789668	0.79262	0.759214	0.899422	0.756101
295	0	0.78	0.795818	0.79262	0.759214	0.896906	0.81189
296	0	0.78	0.794588	0.79262	0.759214	0.894621	0.939919
297	0	0.88	0.795818	0.793604	0.759214	0.899548	0.651339
298	0	0.84	0.792128	0.793604	0.759214	0.891982	0.805229
299	0	0.84	0.795818	0.794834	0.766585	0.894333	0.662054
300	0	0.76	0.788438	0.794834	0.766585	0.891335	0.93642
301	0	0.9	0.781058	0.794834	0.766585	0.886139	0.662071
302	0	0.84	0.803198	0.794834	0.766585	0.892992	0.683939
303	0	0.74	0.790898	0.794834	0.766585	0.885994	0.847001
304	0	0.84	0.792128	0.794834	0.766585	0.884562	0.712465
305	0	0.84	0.794588	0.794834	0.766585	0.881489	0.728728
306	0	0.76	0.797048	0.795572	0.760442	0.883061	0.810154
307	0	0.86	0.788438	0.795572	0.760442	0.886936	0.758796
308	0	0.84	0.794588	0.795572	0.760442	0.880499	0.901276
309	0	0.8	0.798278	0.795572	0.760442	0.884005	0.92207
310	0	0.8	0.788438	0.795572	0.760442	0.883876	0.750117
311	0	0.8	0.793358	0.795572	0.760442	0.882101	0.81549
312	0	0.88	0.784748	0.795572	0.760442	0.879599	0.585734
313	0	0.86	0.794588	0.795572	0.760442	0.879232	0.712876
314	0	0.86	0.790898	0.795572	0.760442	0.878371	0.730538
315	0	0.84	0.799508	0.795572	0.760442	0.885556	0.753646
316	0	0.82	0.794588	0.795572	0.760442	0.876964	0.673181
317	0	0.84	0.789668	0.795572	0.760442	0.874346	0.640562
318	0	0.96	0.794588	0.795572	0.760442	0.871647	0.441375
319	0	0.86	0.789668	0.795572	0.760442	0.879369	0.708717
320	0	0.78	0.797048	0.795572	0.760442	0.874171	0.786788
321	0	0.78	0.797048	0.795572	0.760442	0.881559	0.737353
322	0	0.86	0.800738	0.795818	0.772727	0.868559	0.657575
323	0	0.8	0.799508	0.796802	0.767813	0.86802	0.780917
324	0	0.82	0.792128	0.797294	0.77027	0.878287	0.893048
325	0	0.82	0.795818	0.797294	0.77027	0.871163	0.78831
326	0	0.86	0.797048	0.797294	0.77027	0.864313	0.694232
327	0	0.82	0.800738	0.797294	0.77027	0.863691	0.830551
328	0	0.82	0.795818	0.797294	0.77027	0.878843	0.826209
329	0	0.82	0.801968	0.798278	0.781327	0.864748	0.61934
330	0	0.86	0.800738	0.799262	0.773956	0.869646	0.589151
331	0	0.86	0.809348	0.801722	0.782555	0.864474	0.573182
332	0	0.78	0.790898	0.801722	0.782555	0.863861	0.767183
333	0	0.86	0.804428	0.801722	0.782555	0.868249	0.682516
334	0	0.88	0.794588	0.801722	0.782555	0.866678	0.575145
335	0	0.88	0.806888	0.801722	0.782555	0.866791	0.58229
336	0	0.8	0.801968	0.801722	0.782555	0.860032	0.865404
337	0	0.76	0.798278	0.801722	0.782555	0.86483	0.798188
338	0	0.78	0.806888	0.801722	0.782555	0.860013	0.860784
339	0	0.78	0.801968	0.803198	0.775184	0.865332	0.761261
340	0	0.84	0.804428	0.803198	0.775184	0.860855	0.670108
341	0	0.82	0.794588	0.803198	0.775184	0.857478	0.698858
342	0	0.86	0.801968	0.803198	0.775184	0.86024	0.668241
343	0	0.82	0.789668	0.803198	0.775184	0.855747	0.643976
344	0	0.76	0.800738	0.803198	0.775184	0.853033	1.07825
345	0	0.82	0.805658	0.803198	0.775184	0.84863	0.787878
346	0	0.8	0.805658	0.803198	0.775184	0.848633	0.71414
347	0	0.84	0.809348	0.803198	0.775184	0.848993	0.67651
348	0	0.8	0.800738	0.804428	0.777641	0.852969	0.845547
349	0	0.78	0.799508	0.804428	0.777641	0.851895	0.876494
350	0	0.84	0.810578	0.805166	0.77027	0.845184	0.612343
351	0	0.84	0.798278	0.805166	0.77027	0.851006	0.859767
352	0	0.76	0.800738	0.805166	0.77027	0.846551	0.756193
353	0	0.86	0.809348	0.805166	0.77027	0.849856	0.706067
354	0	0.74	0.809348	0.805658	0.772727	0.844469	0.795675
355	0	0.78	0.809348	0.805658	0.772727	0.837154	0.747495
356	0	0.82	0.809348	0.807626	0.780098	0.843529	0.690842
357	0	0.82	0.800738	0.807626	0.780098	0.839172	0.669891
358	0	0.88	0.808118	0.807626	0.780098	0.838153	0.546643
359	0	0.86	0.805658	0.807626	0.780098	0.839235	0.626109
360	0	0.88	0.805658	0.807626	0.780098	0.838955	0.603532
361	0	0.8	0.800738	0.807626	0.780098	0.843637	0.732533
362	0	0.84	0.803198	0.807626	0.780098	0.838489	0.687526
363	0	0.8	0.808118	0.807626	0.780098	0.839042	0.684022
364	0	0.86	0.810578	0.807626	0.780098	0.828009	0.690877
365	0	0.78	0.811808	0.807626	0.780098	0.837211	0.869684
366	0	0.8	0.815498	0.80984	0.788698	0.838646	0.796644
367	0	0.82	0.806888	0.810578	0.773956	0.83412	0.718262
368	0	0.8	0.806888	0.810578	0.773956	0.828031	0.815437
369	0	0.88	0.811808	0.810578	0.773956	0.827094	0.678922
370	0	0.86	0.821648	0.812546	0.781327	0.825676	0.674942
371	0	0.9	0.806888	0.812546	0.781327	0.832888	0.491444
372	0	0.76	0.813038	0.812546	0.781327	0.828262	0.699461
373	0	0.92	0.804428	0.812546	0.781327	0.832368	0.437534
374	0	0.86	0.819188	0.813038	0.782555	0.825708	0.697434
375	0	0.9	0.809348	0.813038	0.782555	0.825046	0.635821
376	0	0.8	0.805658	0.813038	0.782555	0.8346	0.867265
377	0	0.86	0.817958	0.813038	0.782555	0.827292	0.577445
378	0	0.82	0.809348	0.813038	0.782555	0.821171	0.645686
379	0	0.9	0.810578	0.813038	0.782555	0.821615	0.541624
380	0	0.88	0.815498	0.813038	0.782555	0.826554	0.555881
381	0	0.72	0.804428	0.813038	0.782555	0.836147	0.962067
382	0	0.88	0.806888	0.813038	0.782555	0.816139	0.594562
383	0	0.84	0.810578	0.813038	0.782555	0.823631	0.691537
384	0	0.9	0.810578	0.813038	0.782555	0.824399	0.554193
385	0	0.86	0.813038	0.813038	0.782555	0.815534	0.697168
386	0	0.76	0.811808	0.813038	0.782555	0.821238	0.759332
387	0	0.84	0.817958	0.813038	0.782555	0.814275	0.817531
388	0	0.84	0.817958	0.814268	0.783784	0.818408	0.692273
389	0	0.76	0.808118	0.814268	0.783784	0.813464	0.963581
390	0	0.88	0.816728	0.814514	0.788698	0.813655	0.672369
391	0	0.88	0.814268	0.815006	0.789926	0.814713	0.65449
392	0	0.84	0.814268	0.815006	0.789926	0.807864	0.729849
393	0	0.86	0.810578	0.815006	0.789926	0.809221	0.701846
394	0	0.8	0.810578	0.815006	0.789926	0.811823	0.806299
395	0	0.88	0.811808	0.815006	0.789926	0.813705	0.464196
396	0	0.8	0.804428	0.815006	0.789926	0.815061	0.792158
397	0	0.82	0.817958	0.815006	0.789926	0.814094	0.722097
398	0	0.86	0.819188	0.815006	0.789926	0.814684	0.586095
399	0	0.8	0.816728	0.815006	0.789926	0.806992	0.680647
400	0	0.92	0.808118	0.815006	0.789926	0.812677	0.513577
401	0	0.88	0.825338	0.817466	0.781327	0.807164	0.598979
402	0	0.9	0.806888	0.817466	0.781327	0.817219	0.488389
403	0	0.76	0.814268	0.817466	0.781327	0.81094	0.842629
404	0	0.82	0.813038	0.817466	0.781327	0.80602	0.623504
405	0	0.9	0.811808	0.817466	0.781327	0.806758	0.51943
406	0	0.92	0.816728	0.817466	0.781327	0.802575	0.398952
407	0	0.86	0.822878	0.817466	0.781327	0.802579	0.618229
408	0	0.9	0.813038	0.817466	0.781327	0.803725	0.586098
409	0	0.88	0.813038	0.817466	0.781327	0.804929	0.567538
410	0	0.92	0.822878	0.817712	0.793612	0.798847	0.660501
411	0	0.88	0.820418	0.81845	0.788698	0.800319	0.615722
412	0	0.88	0.814268	0.81845	0.788698	0.80216	0.559691
413	0	0.82	0.808118	0.81845	0.788698	0.800994	0.692425
414	0	0.84	0.810578	0.81845	0.788698	0.803167	0.655253
415	0	0.9	0.825338	0.81845	0.788698	0.797942	0.579161
416	0	0.9	0.817958	0.81845	0.788698	0.80922	0.49302
417	0	0.86	0.814268	0.81845	0.788698	0.800758	0.600353
418	0	0.86	0.822878	0.81845	0.788698	0.796938	0.604039
419	0	0.88	0.813038	0.818696	0.785012	0.801435	0.756709
420	0	0.82	0.824108	0.818696	0.785012	0.804803	0.697936
421	0	0.82	0.825338	0.819926	0.791155	0.797581	0.584073
422	0	0.78	0.816728	0.820418	0.786241	0.798589	0.820491
423	0	0.82	0.824108	0.820664	0.787469	0.794683	0.625841
424	0	0.88	0.832718	0.8246	0.786241	0.795512	0.539311
425	0	0.84	0.820418	0.8246	0.786241	0.795561	0.547732
426	0	0.88	0.820418	0.8246	0.786241	0.791351	0.567792
427	0	0.82	0.809348	0.8246	0.786241	0.804849	0.556312
428	0	0.92	0.824108	0.8246	0.786241	0.792749	0.576943
429	0	0.9	0.833948	0.8246	0.786241	0.794397	0.544741
430	0	0.74	0.817958	0.8246	0.786241	0.793324	0.730019
431	0	0.88	0.821648	0.8246	0.786241	0.792354	0.512598
432	0	0.88	0.816728	0.8246	0.786241	0.792292	0.638582
433	0	0.86	0.824108	0.8246	0.786241	0.795564	0.630164
434	0	0.84	0.827798	0.8246	0.786241	0.789816	0.531884
435	0	0.8	0.826568	0.8246	0.786241	0.788037	0.70842
436	0	0.8	0.817958	0.8246	0.786241	0.792059	0.82087
437	0	0.86	0.826568	0.8246	0.786241	0.785828	0.5768
438	0	0.88	0.808118	0.8246	0.786241	0.792894	0.541167
439	0	0.7	0.815498	0.8246	0.786241	0.789795	0.889929
440	0	0.88	0.829028	0.8246	0.786241	0.786385	0.534356
441	0	0.84	0.819188	0.8246	0.786241	0.794294	0.698941
442	0	0.8	0.811808	0.8246	0.786241	0.788836	0.67236
443	0	0.86	0.820418	0.8246	0.786241	0.785698	0.558754
444	0	0.84	0.821648	0.8246	0.786241	0.780227	0.677604
445	0	0.84	0.831488	0.8246	0.786241	0.781343	0.625239
446	0	0.82	0.827798	0.8246	0.786241	0.777412	0.822932
447	0	0.88	0.827798	0.82583	0.797297	0.780905	0.607161
448	0	0.9	0.830258	0.827798	0.793612	0.776994	0.482029
449	0	0.88	0.832718	0.830012	0.792383	0.778253	0.56533
450	0	0.9	0.822878	0.830012	0.792383	0.787177	0.576686
451	0	0.9	0.831488	0.830012	0.792383	0.780766	0.680732
452	0	0.9	0.833948	0.830258	0.797297	0.78294	0.589033
453	0	0.88	0.821648	0.830258	0.797297	0.783123	0.62198
454	0	0.84	0.826568	0.830258	0.797297	0.774948	0.677829
455	0	0.86	0.825338	0.830258	0.797297	0.775972	0.592792
456	0	0.94	0.817958	0.830258	0.797297	0.779183	0.463838
457	0	0.84	0.819188	0.830258	0.797297	0.778819	0.691995
458	0	0.72	0.827798	0.830258	0.797297	0.771132	0.946359
459	0	0.86	0.821648	0.830258	0.797297	0.772256	0.56269
460	0	0.86	0.829028	0.830258	0.797297	0.776568	0.6101
461	0	0.84	0.824108	0.830258	0.797297	0.782542	0.635981
462	0	0.9	0.825338	0.830258	0.797297	0.773735	0.587272
463	0	0.9	0.827798	0.830258	0.797297	0.773279	0.582133
464	0	0.88	0.821648	0.830258	0.797297	0.774406	0.568547
465	0	0.94	0.835178	0.830258	0.797297	0.775625	0.415049
466	0	0.9	0.822878	0.830258	0.797297	0.777838	0.428312
467	0	0.82	0.827798	0.830258	0.797297	0.768846	0.701401
468	0	0.9	0.813038	0.830258	0.797297	0.772918	0.505674
469	0	0.86	0.821648	0.830258	0.797297	0.77342	0.432921
470	0	0.78	0.820418	0.830258	0.797297	0.774939	0.7032
471	0	0.82	0.825338	0.830258	0.797297	0.770796	0.655898
472	0	0.9	0.822878	0.830258	0.797297	0.766628	0.502794
473	0	0.8	0.827798	0.830258	0.797297	0.771594	0.639452
474	0	0.84	0.829028	0.830258	0.797297	0.769459	0.661141
475	0	0.86	0.831488	0.830258	0.797297	0.776169	0.508053
476	0	0.88	0.831488	0.830258	0.797297	0.768985	0.656958
477	0	0.8	0.824108	0.830258	0.797297	0.77974	0.777506
478	0	0.84	0.822878	0.830258	0.797297	0.763566	0.650681
479	0	0.88	0.825338	0.830258	0.797297	0.763599	0.63754
480	0	0.88	0.817958	0.830258	0.797297	0.763936	0.46543
481	0	0.88	0.824108	0.830258	0.797297	0.763928	0.537589
482	0	0.78	0.819188	0.830258	0.797297	0.768466	0.691568
483	0	0.88	0.825338	0.830258	0.797297	0.762297	0.464124
484	0	0.88	0.827798	0.830258	0.797297	0.762349	0.45833
485	0	0.84	0.832718	0.830258	0.797297	0.762093	0.557464
486	0	0.9	0.835178	0.830258	0.797297	0.762444	0.507955
487	0	0.82	0.817958	0.830258	0.797297	0.767631	0.616048
488	0	0.86	0.833948	0.830258	0.797297	0.764858	0.599093
489	0	0.9	0.826568	0.830258	0.797297	0.761948	0.500264
490	0	0.94	0.820418	0.830258	0.797297	0.762998	0.380608
491	0	0.84	0.822878	0.830258	0.797297	0.759484	0.737041
492	0	0.8	0.824108	0.830258	0.797297	0.760717	0.583871
493	0	0.86	0.826568	0.830258	0.797297	0.758898	0.504875
494	0	0.84	0.816728	0.830258	0.797297	0.762975	0.70362
495	0	0.9	0.836408	0.830258	0.797297	0.763177	0.5968
496	0	0.8	0.826568	0.830258	0.797297	0.758125	0.789135
497	0	0.92	0.825338	0.830258	0.797297	0.759532	0.44499
498	0	0.88	0.827798	0.830258	0.797297	0.761931	0.543222
499	0	0.94	0.829028	0.830258	0.797297	0.756036	0.398084
