5358
4864
1024
4825
6362
2718
4345
5236
6352
7464
2577
1570
3373
32
3380
3697
4428
7303
8121
3794
5686
7538
2067
3942
7448
4770
128
1831
5145
3735
7876
3704
4410
2308
2586
4429
2789
7214
7475
11
7850
5739
2270
4846
5534
5658
7085
4589
5378
4327
3244
2227
5982
7159
1338
648
6203
2880
7122
1602
3074
5058
15
3006
6939
3314
3753
761
52
1305
2697
1351
5813
229
1119
344
7493
5515
2911
6356
2739
6891
6477
4313
3800
1973
7454
3546
7498
4280
4023
6872
4725
8124
5248
6365
3129
2105
7645
7021
7434
280
4194
4520
5730
3072
8064
2704
5969
986
311
7069
7633
1316
205
2592
4351
2144
5720
6219
835
8027
6371
6476
2003
148
3543
6283
1158
5457
3108
5329
1536
6944
3182
5676
4771
2320
5942
1956
3140
49
4984
5134
3486
852
335
1297
5075
2481
380
6640
469
6468
1181
1394
134
7031
6821
6780
6647
4958
910
5371
5260
7100
3458
5879
4011
5400
7863
7761
4255
5997
4835
6704
5144
7438
5905
4701
5514
1553
7581
3482
2027
6763
5704
1237
6420
1423
3730
5051
2851
4422
6819
6498
2949
6797
3228
8021
180
3795
3537
5234
578
869
1656
6774
216
2248
5164
3873
4789
5564
75
2913
2887
7972
3789
6466
8070
3919
5323
42
5665
2637
255
2671
6809
2538
1071
4621
1835
7447
7729
6183
607
1125
396
600
5009
6085
2237
6268
6020
3269
5883
2396
7998
7197
3791
2691
2017
2687
7562
2156
642
2960
5159
4352
6808
1607
1822
1269
5031
1388
670
2158
6512
500
8025
202
263
1318
7337
7680
6329
4830
6087
7872
3891
6427
3410
7222
7963
7343
871
1914
978
5045
5062
3623
4588
2701
1640
8020
3662
631
5206
3382
5939
3836
4210
3178
2301
5131
1618
4080
6028
239
3551
4570
3771
3152
298
5827
6859
569
6889
3094
930
2724
5277
7797
4157
3625
5716
2680
2244
5428
4010
5681
2125
6711
4961
1544
2899
7369
7168
4560
3823
80
5531
7747
1664
5006
6056
1677
3606
5140
1641
1666
4353
2919
6989
991
3379
680
5651
5392
6927
3367
3245
1292
4606
3581
4982
999
6698
6077
857
6914
3278
2153
3111
8043
7909
2554
6688
826
3844
630
3848
1165
4494
1762
3033
4208
174
1299
7382
7686
3925
384
3043
4240
1937
3165
5631
5833
1193
7391
7149
2651
7804
1263
7478
4890
4827
1960
412
1229
3203
3832
6974
1609
1369
2032
2993
2448
3300
489
7082
544
7284
4914
6497
246
6636
5414
2216
4431
6981
4350
1730
6045
7366
841
346
6730
769
6322
5637
5984
1282
5818
22
3317
7752
976
7070
722
4549
6973
3935
1436
5254
4730
7291
6606
5824
4922
1452
700
6062
8054
3464
3302
4156
1806
4883
7868
6748
2764
4872
3713
7771
6457
4749
254
2865
221
965
2855
6925
4136
5203
472
3716
2621
1560
2515
1218
3312
5064
5612
7947
3365
7160
7967
4319
3517
7072
1083
28
570
7953
6916
2668
6959
831
7280
3353
1863
1420
468
4456
3803
5836
4394
7182
6652
1991
2415
5872
1533
4571
4457
1252
4711
9
6877
7960
1324
2508
4493
3267
5069
4746
3540
6280
6677
7361
6071
2509
6613
5682
7135
1759
5873
7937
3066
5221
1531
4604
5529
5410
2002
2350
2722
6199
3284
7239
1304
1033
844
4642
2985
1620
6275
5271
4946
839
1144
2259
7793
4728
8083
3555
3945
4316
3150
6272
2927
6685
6402
6683
7431
5404
3160
6152
1741
3829
1076
894
584
2634
479
5703
3211
1575
7247
2659
1311
5648
341
2644
5782
5184
7414
2472
5800
2863
4724
1939
1709
6208
491
4582
6820
917
2934
7152
7471
2660
2223
6528
5235
1874
510
2042
2655
1098
2936
6559
2518
1070
1075
392
6917
4234
6243
5843
1368
2231
7377
2307
2070
3381
6990
964
1790
6440
1816
4948
7264
6699
2008
7607
7183
3266
5003
1110
3659
5207
7871
2245
2173
3210
101
4602
8053
6229
1633
6884
141
6084
6833
2799
3881
4562
1012
5766
5954
5662
332
7259
362
3361
1197
7132
76
136
5389
7389
1025
5215
1225
4191
1929
949
2849
352
7529
3449
5922
7181
6753
2140
7718
1751
3778
3214
7105
1837
5224
5102
2657
5797
7211
1449
1938
6464
4585
2201
5372
7362
6804
3519
3594
2977
5501
1773
4673
517
7037
5395
6554
4980
2081
4691
5325
3967
3587
6998
7133
5135
4517
238
2480
5080
6200
7074
3270
1008
4557
6966
1743
7210
5878
7770
5136
2215
5796
3897
5624
5238
3961
5921
7566
4331
1508
1649
5655
7548
3119
4063
4084
7517
7557
1635
127
5943
3340
2869
6090
1726
5453
5664
3889
6052
6215
398
998
1721
2746
5368
3343
5626
6475
1045
2493
1933
409
3455
33
262
877
977
117
3248
2064
309
7922
709
954
1902
628
6825
2557
300
463
2113
6202
2080
634
2246
1748
3035
5524
322
4702
7659
4476
7442
1525
797
1934
51
2991
2631
6548
5268
7920
4398
4526
6201
7413
6798
6281
6902
7170
4269
166
7990
7593
6442
7712
1965
1931
7398
926
762
6697
4121
2242
6883
7199
6094
1415
7857
7757
2765
5327
7736
4311
301
4826
7194
4577
4567
2539
6954
6173
2300
4252
7958
31
8000
1538
385
7987
7353
3975
237
105
7109
3631
1676
4078
1644
1000
6968
3511
2450
5044
5283
3951
6029
6568
5699
699
2040
6949
7835
1500
8069
462
1893
1492
1501
7838
1714
93
7393
3775
6370
7975
1178
7774
5143
1900
3414
1945
5269
742
2535
8075
253
3065
803
3050
6259
4242
785
2603
2626
6673
6461
5541
6274
2759
2372
1781
5364
4967
2022
6752
2690
7631
5413
889
2171
4235
2090
5887
327
5548
3310
3227
4236
272
2394
7915
7249
3601
6041
2477
7927
799
2251
1264
2795
1320
5048
244
870
804
5467
3872
6853
25
5383
7552
2364
5915
3516
2601
1985
5847
4461
2615
3161
1579
5657
7112
3660
5741
5539
2892
6868
5769
7978
8009
5729
1030
4775
6845
5165
690
3490
2328
4697
2095
913
3980
5918
2098
6197
7423
4965
3718
3807
5243
5882
4256
6017
705
3714
1612
5109
6893
1976
5718
502
3772
1447
3106
5240
1375
2287
716
2897
666
1739
5786
6160
583
3075
4444
6875
6607
1861
5472
1986
3016
1321
2753
1411
1834
5265
6043
4153
952
7694
4997
4122
1277
1808
7982
633
2212
6398
4184
7407
7355
6376
2222
3437
4706
4767
2756
2565
251
638
7429
582
3563
5460
5724
1271
1069
4148
2265
2788
5556
4921
7531
1546
6297
948
2864
173
257
6503
7879
1737
467
4963
6328
6070
4955
1559
702
6299
5677
5586
6000
8103
968
7220
1511
4593
7041
547
2274
7216
7819
3151
1510
7504
2444
6392
6289
3138
3600
768
7405
6970
424
5961
2844
7862
4818
436
2015
2808
6907
1434
5678
7526
4062
3518
757
5543
2761
4750
4784
1342
4278
2584
1734
4060
4514
7258
4257
7287
1354
4536
7515
7520
6996
1786
3146
245
6271
5502
2175
7307
4285
5783
1987
6938
653
456
2947
4274
1655
5566
1389
798
3764
2429
5336
3136
7418
6509
5037
775
5793
2598
3672
7278
1205
4374
2763
6059
2811
1823
2779
6645
4077
4434
3956
7630
5773
6347
627
8105
526
4792
3520
4414
1256
351
3542
2273
1310
5192
590
5804
3288
3845
3225
1946
5061
5661
7983
7956
368
3544
2879
1504
1102
3040
1228
6946
6933
4939
7596
2294
4038
7092
4424
3032
1196
6945
2016
5909
8
5211
5850
7188
6142
3911
4626
1454
3204
7032
1537
2700
4988
5689
2819
812
5573
6101
6534
1962
7468
1396
685
2710
2204
2457
7465
5672
2520
2776
377
5387
3827
2785
5168
3231
2271
4524
3645
4155
3325
4619
47
7733
1509
5688
2430
7128
3917
3636
7144
5370
3147
1886
1381
4660
1704
2188
6081
7466
3616
7010
637
2665
4802
4551
6078
503
6721
6532
3162
2635
2527
2397
7441
6333
1539
7302
7480
7746
2093
3609
2925
3790
1697
5091
7961
2939
6720
3024
5707
5276
4005
5023
4268
7040
4707
2606
1800
827
1164
3132
4093
7744
2830
7576
5128
1013
5427
6765
2433
413
3548
4460
6691
1757
988
4925
5026
2257
6803
2769
30
5917
4722
3113
1475
7461
1590
7959
5170
1169
4044
6587
5907
6855
1485
6778
6581
3666
5821
1975
546
2901
3962
3453
8058
2658
1109
6551
4766
1745
7773
5748
3251
6198
2357
4751
2181
4238
421
554
5429
5695
4597
6004
2474
2494
1953
4052
3628
7131
3579
4773
6555
3186
2292
2945
1530
6411
3851
2228
3693
4132
6496
2302
7415
4335
8034
7101
7050
2716
6757
366
1217
3796
7907
6331
1010
2961
6143
7701
3329
2170
4324
401
2682
1746
5010
8007
3393
2840
2236
4245
7855
7177
5202
1867
2686
5715
7273
1564
3763
6760
4081
5098
1242
7462
444
4888
5585
6119
536
0
4403
713
6437
6286
5693
1755
1183
2750
3668
845
5317
2374
509
3599
4176
4833
5244
4207
6761
7364
3779
7139
1507
6170
1463
6255
3417
4815
1658
4127
7433
1637
6707
2046
4756
3969
2932
6542
1346
4467
5941
5380
2299
1419
7785
2306
7567
3527
5476
7571
6416
809
520
4303
2935
5962
2403
2312
3834
5002
4439
6104
5719
24
4430
5174
4522
6019
1121
3153
4823
459
672
938
1551
4330
3560
4166
1214
427
7510
1820
6678
1621
745
172
2238
7186
349
1917
5438
1172
4416
5342
3954
7727
5663
6605
2570
5231
2135
3011
3451
7354
1366
993
5495
7470
2918
2650
1459
220
7212
3590
1547
8013
5956
5406
2240
1053
6373
7575
5857
3173
6793
7991
4154
1398
5280
1989
3463
4516
4629
4361
6661
2490
730
6318
2815
7935
2391
410
1964
5186
482
2755
358
2360
3142
5465
6962
185
4220
3723
4375
4126
661
4871
2438
7097
6405
3053
2473
7705
3004
4200
6665
1101
606
1378
2543
5397
3169
5042
4951
7765
3222
132
4539
3359
5812
6177
7779
446
2578
4677
4046
5322
3522
4448
6675
7950
3900
2303
5374
2969
4659
3179
2838
7929
4844
1541
8078
2272
7599
6529
1842
6044
2907
2574
7884
4357
6832
6898
2533
4953
537
4073
5944
4360
4040
1615
2139
2629
2525
3610
2211
922
2926
43
5359
7036
7577
3339
3629
6363
7363
5951
5379
4854
7594
4932
7251
2797
2100
1753
6654
6772
540
5802
5726
4214
197
2052
2160
3134
6431
7296
6213
6517
3155
415
3084
5112
83
1425
5117
5446
6235
6716
6021
2122
2780
2324
525
7225
4605
599
1899
6556
6332
5212
5351
729
1582
1700
7360
4193
2540
2942
4261
8066
3326
4880
1421
8059
1495
7045
3497
815
3567
2597
1392
3145
5304
5194
1039
6611
381
6506
2648
3787
3952
1414
3990
318
2837
2889
2729
7400
6108
7611
7282
7180
2310
4687
8072
1484
3708
6726
1035
2818
7392
2850
4139
3642
7321
3378
2618
3502
6701
4685
286
2007
340
4175
3650
1865
4806
3906
7134
2234
5086
3578
1340
4968
4050
7336
120
6972
5057
873
694
907
2495
2563
5060
2569
5315
19
231
4735
2733
4900
6047
8024
7886
3174
5981
1068
129
365
3992
457
6010
5927
6287
2654
4485
3533
4732
7516
177
4169
228
5470
6500
4600
7807
199
3550
3573
2370
1090
242
950
1505
7628
7805
218
1725
7921
7061
2749
3226
275
5189
5972
1517
2035
7490
4019
8131
7334
5740
4680
4018
6150
5444
6221
4322
6659
2443
1735
4500
3163
1847
2876
2050
4905
5108
7090
139
3914
2075
3296
7147
4590
4521
6971
3112
4263
7925
1006
4836
4887
4727
4734
5038
6005
4304
3478
5142
1688
5178
5308
506
3864
2831
6053
987
2329
95
2463
2992
4884
673
602
3886
2464
5050
1542
577
484
5208
3877
7962
1412
6171
1028
6226
6646
3483
1461
572
7430
3109
2806
316
813
3894
2376
8055
5340
3093
5575
1481
2381
110
88
7574
6932
942
2594
79
6942
2083
2012
6145
5646
4265
2383
5701
2559
4441
7788
7670
3943
717
5024
3103
399
23
6623
1443
3413
1596
2802
1488
4032
7671
7676
5940
3853
3484
2930
4024
5391
2590
3665
6055
4866
2074
5326
3372
159
7189
7024
1775
5252
4490
7390
4470
7583
935
4681
972
7110
5877
3472
116
3720
3474
2185
5266
891
4259
7499
5123
563
3438
3541
37
214
6616
7426
1568
4857
1754
7115
27
450
5993
1983
868
5670
1587
1961
3987
7268
417
6472
5957
1577
7005
8029
370
3922
3256
7534
3080
3441
1391
7821
1634
7472
123
2276
1026
433
1826
5132
226
2206
1065
6910
268
1928
1303
6789
1250
2867
753
3229
7018
6212
7256
4778
440
5864
4911
5331
1920
4167
8090
6494
2652
4472
1780
4281
5929
2809
1841
3036
2038
5085
359
6653
5090
4649
6719
5979
3959
3128
3784
1935
4581
3667
2365
6060
3485
6433
2666
3524
2871
103
1783
5055
2627
1512
3007
6453
8028
7241
4190
1029
4288
3780
3513
7476
744
6441
2189
7492
1445
1143
1458
6776
5229
5301
6367
5846
1226
7311
1954
1912
4891
3895
7417
5433
1154
2772
4998
7491
55
4714
6121
2041
4510
929
751
7207
2316
4028
3425
7
4164
4738
3283
4920
2728
616
3843
2856
7890
7261
7602
7924
4373
5190
6291
6051
3198
7143
4547
3572
1427
2976
1862
2735
5345
6031
1352
1139
7612
7213
3944
5625
5347
2085
4069
5394
3624
2868
1864
6608
5273
7714
5405
3596
2816
5890
1374
7396
819
2828
2593
4950
1153
1289
4966
3205
8026
4020
3692
7743
6531
5859
2678
3808
6102
1968
135
7089
1499
196
7190
6407
1268
6086
2793
7811
2703
7722
4776
4091
1309
7387
4297
6384
5558
6462
1642
3603
6353
7902
4054
1636
3021
7120
2342
2989
4362
1020
325
7043
6064
4222
5484
2202
3619
1267
3948
5242
3230
936
3607
2333
5068
2149
1061
7994
4007
1048
7011
1474
234
5257
492
2298
4282
1255
6404
6186
488
1713
296
693
2076
4896
6682
1802
3798
13
3752
2874
3931
6270
3376
4572
7286
3156
983
3856
3191
3949
5567
3938
3026
414
1903
7723
2870
2952
6049
6234
3435
6410
1209
6390
6923
760
2422
7277
7322
5790
2741
1446
333
3492
892
8044
4341
7622
5249
1149
2955
250
1027
3295
4150
4790
3867
14
4098
4935
735
4326
7826
1915
2829
5771
508
973
6743
1776
6992
7509
7501
4239
4855
6638
2647
3939
3850
6482
2706
7663
2693
3364
3276
5908
4531
6817
6158
2742
4048
4329
5401
4860
7292
240
1107
7656
6421
5520
2836
3681
3331
5147
3117
4489
1051
5158
5361
5826
1843
4108
7300
643
5949
4668
5020
1667
3091
3048
121
2832
4898
4716
7483
7367
4979
4131
5306
4473
6552
3469
2891
4874
317
6123
345
6432
6667
7585
5985
585
3101
7034
7252
3166
6759
1854
770
481
4497
3505
6189
20
2417
4994
2622
7269
3584
3321
2151
1397
34
4364
270
6242
7012
7068
6452
5712
3929
7254
7146
3235
4426
71
4912
2097
1103
1424
5874
1437
5213
6513
5287
7776
259
6126
1901
3408
1160
193
5549
6617
4479
3997
5437
5365
1211
2168
5537
1858
6379
4452
5880
2155
1821
1815
1441
6144
7822
5636
3049
5155
4781
2998
2774
195
3164
1104
3705
4179
4856
4930
514
1765
7906
3402
6214
2599
3589
4669
6585
4924
7859
4163
1089
802
816
7880
4487
5926
865
1334
8063
2732
6703
5035
290
3806
7329
2028
6113
6790
8093
3089
7767
1162
7542
379
6979
1550
1585
3327
1353
7453
7250
6330
3184
1448
846
2163
7328
6524
2369
2344
5093
5815
7276
5505
7544
4759
3216
3737
7154
7129
292
1265
7395
4555
1483
7889
3819
2460
6169
6310
1876
4219
8031
1489
2346
1347
3868
3281
6386
5246
405
2110
2317
5680
4755
1365
6866
3457
2775
7331
3717
7356
5870
7527
499
6193
3354
6538
5065
6220
640
5319
6670
5150
5597
3297
1519
7569
1288
7851
7452
1997
7368
2787
5656
7839
4529
6174
5036
3374
3086
6136
3195
1001
7554
2792
2442
6400
1073
7231
6473
5499
152
6630
2416
3348
5842
3531
5151
293
885
1772
3525
4740
2699
2413
4782
3523
2088
6236
4293
3250
5809
4273
5871
2566
7615
7420
2881
718
5995
5886
1302
4623
982
2321
7059
2688
7357
2179
7403
1646
5645
2150
4995
4897
2073
3286
2640
7735
3028
297
7899
7938
4768
4124
4109
5738
5039
5500
5591
2727
4692
6508
8079
3419
8022
1117
7601
6247
8119
3833
4415
7905
111
8084
3995
4381
169
7589
8060
4388
3215
7913
4694
4043
1232
6660
7980
6892
429
561
6099
3018
3114
3841
1166
4666
2723
6304
3394
5393
1300
4758
5622
2275
2197
2731
4369
6993
3347
4810
7672
924
181
7637
2497
5768
3308
7700
5825
1095
1175
5750
3345
7673
2605
1747
2709
2675
8132
5937
7751
3170
6745
2410
1279
8001
4798
4534
3447
5440
704
442
1810
5129
5012
7778
2582
7477
5422
4483
7677
3670
5595
4368
6030
6408
7875
3756
7140
933
7481
671
1298
4764
6526
7234
8100
3804
818
2719
1605
875
2200
483
1184
3306
2111
376
2023
7412
1345
1453
6279
3702
2545
763
119
822
5509
5251
451
404
2205
7255
2807
2981
2420
1227
5407
3757
113
4211
2362
7176
3133
7848
5736
7304
3828
5496
3651
3866
1111
5968
4574
7595
431
1958
541
2948
4107
5904
6107
7679
4201
6952
3239
8045
836
832
4917
1694
4596
6162
3311
5245
2465
5644
5808
6620
1199
7335
2499
1869
3694
374
6637
4455
529
749
701
6325
4834
4271
1523
1049
2721
6741
6951
3915
6389
5237
1472
4427
3554
5966
6904
1174
1919
2726
5710
7725
6918
2636
1
2055
7007
4530
6964
4333
3223
3597
5381
1872
7371
3715
1744
3993
2335
2056
6439
1993
7508
5610
1549
5054
1647
3726
4198
3605
5481
1702
5606
6309
4578
7116
1839
2552
1984
438
7206
3171
2987
4509
5685
1203
6257
2547
304
549
363
3063
8110
5299
1693
662
7860
8099
1672
3821
7750
5177
6387
5971
3768
3337
2094
2195
905
6709
1971
8076
6346
1712
4300
7158
2482
2845
5998
843
7739
2305
1224
1081
3741
5649
4929
1480
4631
5262
1063
3996
3769
1276
1241
5424
7847
7873
1363
6456
4959
3751
4465
305
2781
7683
4739
2255
4820
5258
3428
1042
4152
7931
4215
6848
1469
4643
7740
6744
3677
6252
1651
6894
4372
3465
1422
6269
886
737
692
6301
6578
6125
7522
5530
2910
4665
3739
2470
1393
2282
5844
805
6155
7317
1215
1878
6788
3940
1386
7289
3460
5788
782
2458
681
6263
5633
6233
198
571
1476
3901
7503
2639
7009
2224
7896
5482
7951
1856
4839
7245
1230
746
4553
4180
1126
5307
3034
1124
3870
5910
6967
543
2284
2673
6794
7893
1884
5858
2252
5341
2824
98
6986
4934
3291
4699
6118
5339
285
5753
6168
6223
1836
437
5119
6729
3564
1924
2455
4793
2734
7684
1574
7946
7305
7794
611
3615
4454
2436
2018
6192
3243
553
4287
727
1015
348
4637
6080
7388
3842
3706
6128
7243
7416
5508
7023
3351
7046
6567
6109
7290
6273
3635
1171
7945
5852
7333
6702
6138
3729
4615
2447
4289
1331
1080
2425
5580
655
7803
2453
6862
7330
2747
3924
7764
7489
211
5088
5176
7843
6735
2674
2767
6747
5503
2162
6308
4502
3487
465
4276
8130
829
3071
233
4878
7098
8005
1947
6254
3236
62
989
580
1680
2426
7640
3826
3561
2886
2129
1435
2630
276
4171
6340
1896
3639
3904
2218
3293
5137
915
1926
3240
1491
5448
5412
667
190
5435
1201
4137
2820
2530
6394
7274
2904
7167
3611
1336
890
2121
230
3910
2431
91
5223
1817
966
5945
5312
953
4393
7455
6737
6027
5510
1502
1490
776
4859
2859
2500
1413
3316
2319
7191
733
2196
5698
4688
7460
4027
4742
5527
3355
6082
6718
4743
1163
548
3392
7766
7316
5861
739
5867
1007
2995
4903
4168
3638
5354
5227
6690
2646
1155
7172
4302
609
1627
4231
4829
163
1148
957
4869
2304
5596
3930
5652
601
5233
7719
1616
596
319
3412
3456
308
16
3612
4308
971
1486
486
4013
3786
5617
2555
3273
7071
1440
7373
2421
4638
4990
6510
3815
2250
5507
3356
7233
2253
5512
2667
4183
4036
3852
5013
5589
7660
2835
4944
471
6564
3816
4933
2213
5309
2164
6124
6046
4919
635
5584
7445
5330
532
3898
5666
8036
4664
3528
336
786
6267
466
6621
2777
6920
5528
2138
967
1046
1092
859
2507
3462
2466
4376
1284
3299
2966
3409
1009
2893
2773
5281
5568
3725
2971
619
1355
4411
6521
3399
3839
7267
1952
8003
5587
6577
2571
3137
5831
7845
1838
2033
4801
3315
6073
1717
7218
1450
4442
4399
6806
4402
800
1478
4226
3776
4258
5743
3318
313
849
5659
6822
187
4908
7942
2758
4440
3678
6700
5600
7852
4451
6980
1376
7629
5311
1293
3998
8006
3767
6931
7301
6756
160
7639
2632
215
6574
3330
2548
6527
5255
7374
1429
707
4882
4852
7295
511
1792
2348
2872
2373
5199
6874
6598
2165
6447
8062
850
3476
1022
6827
5946
7240
407
2462
1462
7157
4960
652
3912
1593
3403
4083
6575
2653
1259
1343
3539
6553
697
6867
567
201
5919
3054
6042
3657
6355
7178
3811
2102
4760
6924
2980
2962
1097
3707
337
562
1077
879
3253
974
1319
3098
2089
4003
3416
7584
3982
2029
767
2323
8040
4103
2172
3479
5172
2587
6008
1339
63
3085
2846
3081
2427
2419
1943
955
1604
3727
3426
1220
7818
3817
2183
3884
6771
3332
2730
5352
4212
6903
1194
45
597
3574
2401
6470
1457
3260
1433
1054
4233
5411
4382
6298
7710
7411
587
2406
3953
6366
1408
2051
4344
419
5321
7550
3206
4250
4443
7230
2047
2057
3470
8065
3979
1990
7887
7690
6176
3916
4985
2059
371
1017
1131
4977
7055
3498
3736
7064
3015
5452
6122
2778
5089
7205
1998
566
7026
1240
6295
4875
947
7726
4365
6773
6382
4055
3661
7051
6779
4340
5169
3320
7019
7687
2402
3695
397
5310
1451
6969
7570
5854
5146
3604
3046
7514
2104
2065
5121
557
2087
3530
8057
5601
4095
5007
5553
2883
4334
1758
4267
914
7138
1291
6413
2182
534
2861
6166
5133
2996
271
2118
1529
4100
6965
4318
3415
6569
6684
6303
3765
1812
5092
4812
1592
6589
3279
1079
7346
3740
1212
4358
102
1246
7940
1875
6467
4417
1064
5605
6710
7326
5191
6146
883
6876
7349
6975
498
4217
5897
485
418
2506
3461
7796
3857
2834
720
6599
1493
1663
912
5217
568
2906
4881
3593
2677
2184
5318
1114
7661
7662
3712
1416
7866
8104
2875
7974
6847
1898
1385
5256
7903
2770
6422
3135
5183
2199
847
2537
6858
3947
7027
996
5338
4299
4338
2137
963
2614
1566
6007
893
8116
144
6810
2825
1576
4145
6662
6232
615
6590
274
5702
2226
6781
2314
2817
6358
8107
881
5355
1135
6592
3494
1784
6596
2264
1456
1294
7546
5154
6093
2060
711
208
96
3818
2127
2115
6731
8122
5056
2077
2957
4229
4346
2217
3802
7500
7840
2720
4408
5616
329
3994
4601
153
6712
806
3076
7246
646
5228
3514
6502
6395
5675
3744
6869
565
2712
4092
1643
7459
2266
7706
3966
656
1563
7150
1890
2768
4123
3700
130
1290
7106
494
8052
931
1062
4658
5201
6639
5731
3733
5077
3566
3480
7789
3055
8091
273
261
4404
5274
7083
6985
343
6714
7642
1650
939
7730
3073
6016
5461
4901
176
1760
6388
5928
1923
4059
555
3421
6285
7384
581
2338
5713
4047
5980
6593
3289
4541
7699
64
6724
1736
5544
5613
4119
131
7753
5888
5494
1660
4523
5008
5360
1787
289
7802
6499
5889
3187
57
4224
5162
5671
3633
5525
944
7888
2827
2488
2786
7623
6092
7519
3336
3350
5153
372
1273
2970
2404
2283
1506
4558
6668
6454
4251
7298
3526
4089
1796
8129
8125
5120
4486
7543
1173
6504
477
5513
4867
5399
2894
6897
2649
248
3618
4342
1005
7054
6490
2982
7096
2146
455
3813
5855
4729
6264
3746
3257
1581
4991
3344
2386
4292
8061
8041
400
614
6829
5576
7582
7627
4384
4894
3762
7215
72
7119
6519
1466
654
6523
5723
1335
3219
7288
842
2347
530
2313
7505
2903
810
687
676
4468
2131
771
7179
2424
4584
4630
6191
7979
5841
4573
2748
3398
7842
5519
658
5439
5001
7224
3388
1969
2583
794
2813
1925
4004
5106
2177
3569
4094
6836
3644
4625
4841
928
7226
7424
6536
2558
2713
3148
4987
6172
1678
46
5434
2689
593
4828
5728
7535
2358
7674
1805
6032
3846
6057
6251
908
7073
2148
2958
4803
6926
774
6277
7653
1696
5603
4395
6471
2423
1785
6258
6783
3974
7127
5471
6360
5348
3871
918
154
1906
6
5182
61
137
3467
734
4538
7667
4445
1464
7123
7912
1692
4125
133
386
2564
2782
4380
85
1670
2803
2207
6706
60
265
6323
84
7808
5447
7314
990
165
6728
3386
207
820
2
4102
2931
2387
5333
8101
7837
7408
4786
706
2596
4051
6749
4769
6320
3835
4849
5583
7385
6463
3552
7638
5533
1967
2512
6934
4587
7432
1093
801
5486
7592
6465
574
6879
6885
6723
2434
3755
6795
6963
3168
3507
1698
1941
3390
5126
1142
6754
6603
2542
6540
2475
7600
7437
256
5653
4146
5865
1522
2620
2378
4545
1362
7988
6335
5640
624
4387
5456
4266
12
7052
6354
406
5694
7997
814
7156
1750
6887
1675
4248
3986
99
5837
4528
4405
696
5977
6664
7834
2633
5040
3591
2001
3401
1860
1999
6076
8002
1094
5187
7404
5022
7486
2924
3360
1286
4645
1613
7605
2912
747
2617
7456
504
6156
7724
523
995
2256
3585
7769
7738
5298
5152
3646
3444
5638
1370
299
979
2446
8014
4718
592
719
5353
6293
3847
6434
7551
5356
3190
5072
5466
3562
5594
2267
6928
4893
3824
3653
6651
4583
6602
2285
3
6339
6368
3749
5668
3213
2258
675
7707
3545
7087
5167
2516
179
5560
4943
5488
224
6134
3384
430
6265
3363
1639
2986
2920
5960
4495
2249
7425
6227
4744
6147
1520
6327
8082
7099
6244
4241
5577
4915
3918
7795
3095
6484
2412
736
7080
959
2408
142
4026
7375
7075
4533
7409
189
5635
5563
2435
6241
731
3878
6448
4501
6378
2613
5130
2502
2702
1885
1325
4471
5925
5084
5384
6262
6814
3301
3262
657
5660
3481
4264
3719
3515
284
2005
5053
3077
7786
6135
4899
2384
2241
7759
644
4309
3338
6127
858
8098
4618
213
4070
4237
4564
4247
507
6812
5332
4566
7443
5017
919
5935
4072
5745
7248
7981
1774
4971
5920
4307
7103
7163
3732
4185
4097
5455
7263
4561
1113
8033
2572
4173
7310
6011
2812
6069
3774
4141
4458
2062
5540
303
7017
6350
7341
1994
2676
3858
4432
3923
4703
2192
1112
6908
909
411
6218
2531
3547
1534
439
678
6594
1287
552
1145
435
5696
1622
641
5101
1695
7741
7898
5734
4232
4477
6987
2467
1791
4796
4401
1624
2318
6628
4355
1312
4652
925
66
759
5373
7444
7641
899
1157
5285
8126
6626
2126
1766
1118
140
282
227
5839
2456
3810
5270
6478
6882
7864
1058
7232
4371
5749
3430
2561
291
927
3100
2796
5629
3937
4938
6886
5282
3613
545
1608
1685
389
5791
4418
7067
4128
7977
279
252
6006
6195
157
2331
7748
4000
1234
6372
3041
2130
1513
4576
2823
2857
5247
2214
4064
2479
4712
5267
4029
721
1086
125
6184
943
7919
6614
7077
5781
527
7775
5705
6738
5654
3029
6018
5076
6321
3577
5679
2247
188
2866
5913
7042
3620
4002
7936
7345
598
387
6061
2091
3534
5041
934
5643
3445
4306
2997
3031
5498
6547
7512
807
1043
4409
8128
1972
817
1223
4863
1870
5293
3391
629
3687
6863
3407
5862
6792
7675
3477
6913
6188
8048
5272
6856
5016
851
171
5198
1349
6634
7609
3082
5755
7999
4876
6844
1844
2714
4616
3324
5876
2092
7669
981
6955
6100
2804
7932
5775
2938
4721
5952
2517
5449
6383
1249
2048
2585
7427
7294
3721
7720
2853
4462
5892
6839
6912
2529
5938
4254
7798
1720
8109
7358
7151
1295
2220
7941
6708
2694
474
3965
8102
6801
2498
4850
420
4696
1417
6114
3508
1146
4159
6905
7450
4328
7970
4354
3369
6209
3120
1897
5881
2336
2367
533
591
522
4035
2004
5555
4879
7001
2895
2119
6873
1152
478
7644
4143
7297
3559
3328
3207
3805
7812
1771
4695
1350
6632
7079
8112
2000
4101
1330
7815
6306
4513
1498
6619
626
7882
2355
3047
6035
5588
4001
8015
5517
2486
3003
4057
5504
7763
4120
422
6618
3000
2839
4484
3509
4336
3010
2147
2026
2145
330
2461
2661
2522
7870
1690
2917
5095
97
6294
4021
2684
588
4861
432
236
6957
6692
7784
2944
7104
5795
3583
4975
2297
4822
2589
7901
6604
2279
7636
1140
3991
3709
2210
916
5408
4607
3793
4499
4610
3576
3346
4636
3199
7885
6190
7702
364
8127
880
551
4608
2503
6149
8071
5279
6799
1359
6026
1395
6444
3436
7095
2268
1367
241
4936
539
6544
7693
5463
6849
5492
4838
1558
8012
3874
6414
1038
7586
5475
6483
3037
6163
1718
81
408
3684
1085
1243
4612
5758
8094
4378
6343
4757
194
5916
6097
5369
2128
4661
7782
7856
2624
5376
6446
8032
5014
138
4133
2591
6501
5853
6930
6956
1584
7125
3395
1108
2053
7449
6755
258
7000
4840
7339
6953
3933
4213
5709
4845
748
7166
2471
5232
6906
6393
5822
4203
6811
5163
1438
3357
1871
4170
5124
4594
3557
2968
7107
3876
7556
6871
5033
6423
6878
162
1123
283
6595
639
7494
223
6154
5469
6852
2133
5708
6324
3433
882
1922
1910
4709
7155
4253
7801
4366
4858
5923
2063
2975
1253
5462
3099
5751
7908
6480
854
2167
1361
4676
2293
4599
823
4679
2929
2392
5933
7992
3957
3466
7002
4819
5516
3652
5079
7787
294
4260
1811
5973
6351
1980
8108
5607
4262
2670
5811
853
6039
1333
1188
5557
1630
4356
6072
6530
1930
158
1940
3855
65
7916
5000
310
307
7626
4099
6864
1561
4800
5814
8117
3869
4708
6391
4717
1206
4700
68
7858
6048
210
3259
4392
1096
3955
4657
1944
6164
3691
956
3218
1487
4463
219
4949
1280
5067
2988
6762
4117
515
6586
7755
1795
7048
2822
3459
4249
5334
4144
59
6399
3538
5195
5175
7518
4412
594
6768
5948
6961
6941
6693
3431
4910
3983
5838
1778
5320
4762
3377
5700
5714
519
4579
5924
3958
122
6307
3978
3742
5377
7030
5978
2964
3849
3683
5691
3411
3313
2395
164
7020
6861
7013
4270
5362
2902
6880
3124
87
7187
6828
6380
2469
3908
2581
1597
5845
7698
7934
4286
2193
6359
3801
5200
2604
3674
6204
73
2752
708
320
3999
7063
4199
7682
5219
3621
3927
3617
7968
4647
5139
6655
7235
7352
2814
4162
6696
1258
2483
4496
2108
2888
2762
6245
3224
6695
7732
6807
6960
449
7565
1819
464
4503
7479
1645
531
1891
3825
5491
26
4206
1384
1569
732
945
4511
5173
2496
1728
2783
4644
5721
7560
1348
1120
2973
2854
3020
7473
951
3773
1798
2278
6075
2120
2190
5547
4780
373
6336
4962
5205
3022
958
3489
7649
3473
6758
6037
3909
6823
3758
2501
6686
6830
6292
5992
772
1824
3754
7312
4505
5445
7696
6995
7949
1231
5185
7604
7320
6187
1803
6103
6132
1683
6545
1285
2546
4016
277
6266
2174
5115
564
41
2069
7394
2082
2375
6940
4332
369
8037
6860
1473
5757
6991
3201
2766
6488
1364
2528
5778
3062
7446
1918
1442
556
3792
8046
645
3221
496
156
5107
6600
4811
3123
104
726
3107
1701
1084
7651
878
6516
6895
3143
1341
6417
4383
4892
3202
669
1977
6909
2550
3875
3180
5363
7223
8016
4464
4952
837
5735
7315
1845
7844
4731
6841
6455
4788
728
2296
2352
3748
7780
2112
5011
6403
7511
3747
6650
6348
3503
2736
1731
2326
1868
7709
741
186
5615
7463
4228
3896
6282
1251
7547
3237
143
3307
2398
1599
2698
4130
2382
688
1179
1401
5328
4633
5291
7088
4598
175
6449
6196
5073
4315
375
5313
3738
4635
3042
1921
1260
2544
460
3675
4972
1180
6815
3882
7351
7324
3294
4111
5829
1827
5506
524
3685
8097
1329
5535
5820
2116
2790
3158
4085
1892
3208
1132
5156
7986
3127
778
985
7713
4435
6110
4323
3366
833
3781
2371
7772
4135
2117
2269
7954
4931
4379
2010
4075
7799
3820
3905
1274
5375
6565
4348
5914
3614
5799
1116
2725
1270
6088
3575
4504
1866
5078
7507
3932
7971
6481
4172
475
114
353
4310
6572
5161
3926
3553
1323
54
3838
7265
2757
4736
6633
1138
5015
7841
6014
3405
3950
3246
6570
235
1278
5554
5431
4964
2166
1004
6881
3423
6065
6769
5623
74
2393
6381
260
1115
7348
5292
3788
6635
5294
6344
6816
752
1661
1545
3981
2235
3304
862
923
3322
1742
3051
2380
5733
2744
7613
7597
4535
7091
6770
7376
1515
1202
7610
6167
6063
4149
1589
1573
7828
443
6835
4377
4515
1768
8134
856
7944
7904
2672
784
660
8030
7580
3988
1078
5621
6302
7572
970
6451
1195
1056
70
50
876
4674
4799
1801
743
4976
1379
5593
5402
3491
2045
2679
5204
5335
4532
7038
7496
7060
920
3450
3703
6838
3499
5286
7003
1204
6978
1601
7865
4277
682
6958
6066
3985
5103
5386
1797
2743
855
5210
4034
740
2956
6579
6843
1855
7692
3689
2399
4779
1740
5094
3701
6624
4684
354
2628
3383
7849
6631
1315
867
623
4916
4617
6438
3271
8019
1606
4437
2058
1468
7111
4284
3442
7587
3149
7380
2950
6105
4177
3056
5111
5764
3890
2491
4030
5083
5420
2280
2908
5785
618
5296
2937
3501
3728
2602
2036
4088
2099
1176
2389
2573
3068
6999
6129
6479
3067
1829
1705
3420
7086
1552
1266
4978
2440
1406
447
4396
6058
3682
7379
7781
3238
6111
6491
6899
2884
3510
7332
2030
126
4651
3970
7279
1091
1301
811
3799
2454
5149
2311
1724
5902
8051
247
7768
792
8050
2619
5100
2325
5141
6775
7025
4498
2551
4160
542
1614
4045
5225
2452
4981
3887
7497
5477
5722
6679
5442
6313
5590
6317
5305
4033
1518
4956
2946
3556
6040
2858
4747
2449
6130
969
2405
7816
1072
5834
2484
575
5432
7047
5996
6562
3859
6644
4195
3673
5441
632
1060
4543
7646
1219
617
6543
1130
306
4243
7196
7614
6424
5810
1932
4076
3261
3287
1136
7065
192
7829
7704
8023
2877
2999
715
266
2388
1261
4954
5762
7386
1619
2914
2096
1888
5398
7114
4186
1916
4719
1066
2967
2366
2754
7236
5642
3535
7666
4580
151
7917
8111
1400
5856
7688
2198
243
7806
3512
3397
7952
6537
324
493
7436
2641
5239
7836
18
5357
5485
5385
4787
723
4389
5562
4654
2439
4713
7939
3686
1799
3070
6239
6535
4294
4761
4842
7616
6067
7923
6681
3017
2519
3688
758
4983
4086
3434
2885
388
8118
7022
2437
5263
7081
6369
3125
7028
6148
5071
3012
1221
1399
4693
1727
5807
1763
1668
2841
2504
1665
6139
5105
3116
7513
2161
7635
4704
5417
2536
6591
7545
2900
6612
6734
7422
8133
5674
1182
7506
4646
2915
6740
2771
5780
1970
321
3658
3570
608
7716
4559
5816
1857
2084
3883
940
6936
5620
535
4540
1099
1638
668
7200
3888
5983
2511
1516
5029
780
5127
2896
94
5122
2576
7126
7877
1133
7469
1913
6576
7342
2575
8018
4110
1674
2239
6561
7911
1016
5070
7721
5066
1749
4283
1767
1809
7202
906
8120
4622
267
7299
3268
3027
3122
3209
7340
3770
6911
7695
7995
2187
3427
5275
6083
7792
7563
1788
2061
1235
5801
1603
3921
2607
7897
48
4312
5264
4824
2157
2963
3305
7383
4227
453
3972
78
3255
5669
7830
6983
1047
5181
470
2309
2418
3493
7619
1191
3648
6750
674
5947
1571
7697
5875
6418
2656
4492
714
3863
2124
2821
5542
3292
149
4015
3964
4772
4690
756
6854
3989
3529
5180
3057
4865
3861
3664
6141
4087
3352
1764
232
8004
4821
3630
1494
382
4447
6133
6689
3167
5197
5936
3696
1849
7372
3358
980
146
67
3724
4595
3258
3370
441
6334
5487
3013
5711
3440
5690
6739
5546
6151
1631
1769
3446
3059
4904
6687
6249
6036
4689
5443
1129
6826
8089
8010
7318
1465
6178
1190
6038
5832
6560
3971
5574
6643
5930
4851
2468
3936
1708
6013
4837
6248
4147
5193
4407
7606
7118
5474
8115
5082
4196
1722
754
2717
2745
5218
4112
1337
2031
355
2411
2337
2286
4223
3058
5521
6459
2152
5828
2006
755
1628
689
1950
5650
3176
3902
2898
7173
5896
8085
1106
2339
4895
8092
3862
2737
1710
5805
7854
4678
1313
7435
402
6165
3323
6627
860
5958
1681
6474
2260
7359
1540
5479
5104
2805
2340
1562
783
1850
2159
3690
4723
5667
4053
2953
1889
7451
3785
7049
6003
610
7457
4397
4974
4009
1955
5794
1283
2954
2407
5994
6419
3121
2361
6492
5817
53
5545
3532
1272
4482
5895
6361
6284
4627
4686
3496
3083
6840
4847
6175
6557
7930
7632
1432
3097
1198
1682
6850
3335
44
4298
7791
2921
7541
6311
5950
4031
1881
6074
4552
3038
7564
342
7209
7685
2114
6096
6240
4246
664
2916
4568
5421
6357
2784
21
6179
6900
7665
4710
7874
3448
6001
6751
6246
900
4189
1151
5869
3130
1723
5043
1332
383
7528
6112
5297
7532
6725
5756
1555
903
1134
7948
7989
3782
4996
2459
5289
7634
1055
7985
7237
7703
4039
4805
5526
4765
1430
1543
750
3745
1040
1873
3907
445
4942
5302
7892
7525
8080
5518
4006
3671
6009
2345
1514
651
5416
7208
4165
4752
4941
7016
3349
5046
840
573
5047
7647
3079
7238
1963
7895
6800
6157
1528
3973
898
7800
4042
6493
5419
4118
1067
4613
884
403
6733
3183
5425
2191
17
5314
7195
4563
191
738
1328
6713
4349
2873
2683
7313
3194
6722
7579
6982
3649
7783
2643
3506
7881
2291
4182
2432
4507
4525
4672
314
1382
5059
4421
1428
4066
7053
7275
2334
5900
5532
2327
6805
6694
4129
2330
5259
6558
7062
3088
1877
579
7485
394
3558
6977
4741
7484
4999
4816
2487
779
5034
5081
454
5884
5114
4061
901
1623
2013
4889
2176
2696
