4509
7457
7590
6471
6298
3816
6289
2144
3680
7752
1982
6775
7783
3937
5904
3105
4973
1735
7439
6040
6434
6813
3684
6251
2095
7407
7449
2840
3059
5170
2796
1435
4049
5849
239
954
7782
4039
4860
2417
4114
7123
1538
6793
5044
921
5509
3357
2276
6676
4267
2166
6340
5422
1011
7394
1253
7668
4541
5998
7404
7828
3820
3413
3903
2678
1580
8102
787
3285
272
2389
4650
374
5860
7779
3306
3663
1363
607
3633
1686
229
7993
5878
5589
4407
209
2526
3682
7657
4009
6093
7262
1260
2153
3766
5264
1409
1156
306
6064
6371
5214
2472
6994
7776
5611
7128
5923
5725
5063
7458
7558
6201
8050
1365
4824
5390
7459
6512
3946
3241
1644
5067
1020
7219
7051
5266
2218
193
3529
5772
6741
3965
2126
1797
4452
3625
1970
2903
4893
152
7169
7739
668
897
7943
7037
2411
6740
4618
5777
4041
224
7347
1014
4957
834
7890
6804
8020
300
7379
2703
3773
5213
6247
1843
2987
6032
544
3504
719
2523
5064
1966
3799
6316
4497
7575
4438
7195
4724
537
5750
1854
1304
5121
6313
2812
1430
3372
1009
4384
1358
1133
3207
3588
2270
225
1184
5721
7737
3468
6717
5245
6648
842
6689
7913
701
2688
781
5692
175
5046
4522
4228
8004
6841
4171
4345
6491
6759
1920
6896
1491
737
4330
963
7465
7580
5459
1744
1445
5872
3297
3489
7406
5796
6854
2602
626
1522
4964
7849
1032
3598
6345
248
3573
763
6046
3824
7067
1377
5181
6058
7177
6025
5359
4119
3132
425
4996
6396
4117
5950
6485
6569
7215
6665
405
5161
7202
1369
8000
958
511
5207
5033
6240
3352
6024
1836
3941
6486
4144
4834
4644
3052
4856
1802
5967
5570
7367
1265
7773
516
714
6006
798
3522
5470
2091
7711
4401
2246
3870
3015
1436
7616
244
3847
3143
5558
3279
5244
4832
2762
392
4934
6620
6944
4211
6820
7833
6493
5511
3037
7897
2261
191
7717
6877
3278
114
340
3669
581
4815
1633
6975
6101
3936
3341
1794
3093
6948
5263
1100
4196
5994
517
2298
382
6713
3348
6204
7835
5464
4711
692
4128
7213
7519
5195
8098
3785
3017
7517
1071
7625
396
7727
6315
5848
2722
4550
6292
4192
2905
2201
3569
7723
2622
6897
6309
4109
3867
6295
6538
7555
6130
160
4247
7438
7214
1983
7172
6976
5287
1570
5752
3794
8002
5817
71
4028
2941
1215
4367
6165
7537
2387
1747
1076
559
5535
4343
7606
7295
2278
8023
6692
1216
4245
4359
3995
1154
1066
5308
4356
5058
4398
264
7141
3900
2533
1847
6481
1978
813
6732
5019
6905
1126
5675
3848
5980
1520
4704
4183
4827
6658
7100
3723
1739
1327
8101
5452
651
2337
8028
2056
44
2339
2666
535
4754
3094
3549
7483
331
2049
1718
3987
2442
5962
3117
7969
627
7164
4064
2322
2598
2519
1765
7163
7883
3230
8031
907
2944
662
7952
2317
3338
1269
6859
2179
6760
5120
3735
4454
293
2771
2294
5808
8039
7854
3837
3218
5082
6414
5789
3226
2415
2572
4067
2357
1581
5004
582
666
6873
5654
7887
5643
6960
8017
1421
536
7056
5059
3014
1055
1024
39
2
1790
7547
2299
8067
1597
1569
1326
2779
7244
1465
93
7940
7275
5261
5039
3204
4554
4450
574
6596
2803
2768
2145
5351
7002
5130
7351
6029
3477
5162
1654
6083
2140
3197
2018
3503
3474
355
919
6195
518
1189
7963
5324
7696
8058
6149
5142
7470
4294
8127
922
4279
882
2691
4297
3075
5899
5098
6350
6129
1525
8022
1105
442
4586
4866
639
4790
6998
3740
7318
4905
5477
376
7080
6362
3919
6376
3232
6742
467
3584
2135
1682
3650
1116
5221
3964
487
3067
1932
7938
6068
2509
4769
5013
5231
2293
2223
506
3404
1386
4634
6646
1723
6326
1884
4138
2410
6860
4418
6710
6410
5294
8054
6020
3860
3961
4271
3506
4249
853
356
6826
534
807
1349
3482
1196
1842
7105
2521
7650
7987
5560
318
2871
5334
2557
7856
7662
3058
5690
4830
7045
7871
3103
3782
1897
38
3454
2791
3006
1930
7946
6192
6786
4416
7602
3800
3921
1722
305
7563
5584
601
749
6178
6148
7381
4440
4099
4858
7035
4923
1929
5453
4021
7502
6420
6641
5883
3233
2379
7715
3906
854
4463
4205
4767
5622
4235
5852
2564
5665
4622
227
956
2470
2671
3653
4052
3717
3618
8006
6514
2578
7488
5386
6285
2338
7094
6145
2920
5826
4598
628
5968
6651
368
2917
2386
4779
2021
6072
5492
428
4994
6530
6565
5376
3535
7867
4804
3693
6993
2092
8097
2605
2240
4053
1242
2062
2076
7296
1756
1986
2959
1284
841
5012
3471
5993
1271
1947
1727
218
5057
2483
835
7076
6756
6182
7027
1926
1821
1664
1247
3250
2586
7644
2606
3593
6385
2646
4030
6361
6286
2209
457
5108
7255
1870
3894
2433
6623
1638
2855
4518
7511
4216
3386
6336
912
7846
5494
3344
4157
5759
1650
5545
5319
3251
6217
2697
2583
959
3585
1437
5751
644
6092
4090
5691
3781
4412
3084
4990
6968
4386
1849
2098
5243
2612
6712
1625
745
1519
4086
6999
3179
4252
4058
7583
2180
5821
1033
6892
5465
5876
2689
1289
4705
886
5631
8057
6790
429
22
4047
5732
58
4054
2947
4465
1612
4844
2152
6518
3169
6118
2604
4186
3053
4428
894
2085
1230
1700
3818
6876
785
5103
2154
1891
26
4027
1123
3422
5706
7708
7192
2358
7926
5323
3963
320
3849
3702
2288
141
1673
837
5784
5026
7246
7368
1233
3227
5897
520
4620
6359
3580
343
1103
3563
95
8066
495
3564
2710
1231
1008
4472
5863
113
4305
2581
6545
2499
4738
5164
2740
5608
7282
2198
5040
7584
6199
1973
5304
6222
435
7714
3289
5768
3087
3147
5343
121
4222
7618
629
2070
1035
7647
828
1475
5356
259
6666
7788
3718
2570
1805
3889
6595
1250
2424
7655
3753
2997
197
547
51
119
1822
5786
7191
6052
7433
6684
6198
4234
7924
2720
1061
4272
7750
2473
3883
5504
5227
4542
740
6522
3645
6281
6964
7062
5340
689
2196
474
1476
6898
6903
7505
4256
2651
4391
3970
5365
6276
4135
5313
6209
3368
2620
2673
742
4112
1868
5695
7797
4165
2308
6662
7294
6369
5346
880
6677
89
7541
420
441
7898
354
1889
7125
993
7369
2555
6758
3521
1094
2940
7649
3033
3737
5486
4072
4167
6527
2655
105
3741
2609
4535
4813
3183
3119
7652
2217
6861
7925
3934
1796
3683
6121
6074
3676
4284
3377
1543
3924
1193
2556
7873
5819
3275
3030
153
3064
1171
2956
7276
6012
1104
4760
4571
2204
5559
6727
4083
5251
2312
748
849
7862
59
433
5281
4693
2862
1374
5354
2781
7808
288
2962
7475
7556
6788
640
1219
829
5525
3925
7482
3445
3019
7165
3494
8038
2243
2890
2478
1134
6430
3086
3591
2589
5399
5279
7935
3296
7681
4951
6781
5144
1510
4259
179
3996
1382
1212
6857
4596
1282
690
5066
1332
7397
6407
1185
933
7706
2063
4611
5513
7667
4223
184
339
1832
7699
7785
267
2627
2647
4478
3353
4191
7392
3492
2585
5497
6200
255
1359
6568
8008
4161
6827
609
7626
1993
7989
3224
572
6354
5458
222
4116
5407
2430
4395
1583
1392
6446
7905
7507
1800
7839
6766
6300
6609
5843
8135
3166
5138
6533
5742
7160
2613
844
7936
5573
7619
3763
1593
1657
6280
2361
3638
7676
7608
909
1984
768
4891
2325
2380
5997
1486
4553
4823
4743
3397
510
5676
5089
2725
3176
1001
3508
5293
6893
8129
4399
7837
2199
5650
4275
2957
2000
1448
3343
770
5055
5538
4371
6177
3347
7378
7319
1370
4716
1688
4334
7865
2700
1267
5703
6059
610
4573
5112
1917
5705
7774
3392
7460
7441
7549
4582
2873
7086
5123
3206
741
6922
6563
3979
263
4214
6923
6763
1305
8082
3767
706
4841
7152
1082
7902
5188
1434
7207
4669
6679
1630
3102
1817
7118
2247
4068
5959
7501
551
2463
2450
5924
3681
3379
2222
28
3178
5487
5799
4757
7740
1278
851
4699
4045
7948
2511
5336
6726
2567
1319
6866
7127
5381
5963
983
7761
2603
635
7705
5976
3003
2075
1892
6594
384
4240
2236
5678
550
4939
6054
7857
5979
2282
4471
1222
6030
6716
7478
2892
5954
7765
6725
1330
2551
3932
4483
4231
6830
2242
3205
185
3661
3518
4104
82
595
6126
3041
2235
3104
6746
2546
440
2913
7493
4534
5791
5236
7247
5036
7589
4505
6078
3695
5087
7175
1620
7809
6060
2969
1337
5507
4831
289
3174
6440
5596
4998
2661
7514
7817
5091
937
3373
4453
659
6767
6940
7552
6800
1121
6246
4225
378
655
3969
2017
2624
6287
2185
6534
7744
5818
4848
7444
6549
448
5159
4940
6150
2914
2885
6814
4238
7021
2392
4004
5392
3234
2232
1150
5663
2616
4085
7716
41
6728
5045
3977
5550
484
3614
7384
1933
7014
7194
6699
7361
7561
4833
6433
5949
3863
5217
7962
631
5309
5906
7040
158
7429
1064
1553
7050
1965
2350
7971
5352
7181
6502
156
7081
7571
4594
7239
2907
2540
5645
7333
590
6961
7288
7960
1769
73
2034
1955
2559
4489
6578
4930
2645
6221
5302
5766
4867
1795
6301
557
5387
2788
6399
4912
7548
2016
6026
5572
3505
654
5068
6863
1090
4776
5384
2190
7122
7825
2713
2552
3161
5312
371
200
8011
6868
1416
7341
8065
1939
430
5953
3935
5406
1272
673
780
2241
2517
4536
3754
2112
6231
592
2412
5892
4807
7636
5637
2003
1663
1589
4173
7232
5097
7188
1606
3212
3787
7411
532
85
2254
4599
6070
3836
480
2623
6643
7126
7624
8133
8059
419
1995
3016
155
1209
1339
1733
4042
6258
5574
2911
4475
2513
4938
5331
6606
2425
1342
6487
3716
4432
1717
7574
3398
695
2877
2128
5473
2910
1417
7310
6628
1951
6913
810
515
6881
4446
7834
6279
159
1396
1980
7695
2937
4869
3756
2971
7203
6887
6071
7329
2131
4006
2097
7058
6372
250
6559
4821
2677
427
2093
7410
8010
1073
3141
2520
2315
7780
2163
7348
4281
1596
792
1551
7981
8053
1387
2393
771
5442
7468
7301
4486
1400
1309
3857
2539
6744
2659
717
1734
6815
5599
4387
2189
5909
718
2438
1245
1919
4607
4444
8103
7292
5893
6890
3772
1111
1174
2427
1674
4748
6683
7889
1355
696
1199
4916
2469
226
3
2767
2248
6927
7243
5524
43
3727
2906
2176
5662
6604
6625
5078
7092
5831
5355
656
3168
1724
3880
1689
4920
3048
4835
711
486
3007
5803
7091
7134
5456
4354
4888
6701
1924
247
1399
1841
7452
2949
2918
3789
6290
1544
5253
1885
994
2408
133
678
2789
3228
7874
2202
281
5241
1152
1850
4918
203
5783
7261
1034
6779
2989
451
6645
4549
5618
5615
7323
496
2451
5709
2958
5178
1286
5530
3190
6163
4751
6000
3308
4958
4880
3819
5311
8019
7356
5094
269
6811
3118
4948
4797
1328
7278
6051
3287
5531
2326
5317
8029
5741
7372
5576
2718
2170
1155
322
7847
4660
1166
1801
242
1803
7422
1296
6002
5733
8081
7680
2474
3672
5411
6872
523
1962
883
4720
3277
3801
5717
1578
7901
2291
709
2699
7496
2536
4819
2258
521
4625
3887
6724
5569
966
3029
1418
2864
1501
707
7922
2830
6555
351
7753
6254
2328
7538
4591
4046
671
3055
5425
4435
6460
5775
6397
4800
4662
4003
6447
4406
2804
3576
1669
7886
6941
6973
4965
3137
3802
6848
8001
3295
107
2396
7916
944
1834
3159
5210
1952
7610
7463
1960
5366
7079
6081
1030
3896
3336
1028
4685
1157
1631
2984
6599
3901
1170
5740
6191
778
1890
494
2773
1991
3038
6360
2026
1865
7830
3391
2900
2972
1047
870
881
4503
5003
653
3100
7784
4931
3444
6338
23
4287
4423
6484
888
630
2488
2225
7354
2206
504
684
5491
7872
7273
7386
2637
1632
3157
3736
5193
192
6205
2213
5034
4322
5402
477
7855
6208
1753
3577
7700
3054
2643
7879
569
6592
6608
676
3751
6499
7757
138
5038
216
4556
4686
6664
6673
1649
7811
2244
589
2802
588
2712
573
4134
5020
6737
1879
1503
5785
338
6925
2401
7466
1584
3438
3382
7363
7881
5674
406
7764
6729
2395
1777
3905
5738
7640
4320
1048
4207
5564
1552
4875
7678
3035
4966
789
5430
2503
8005
5382
1626
2991
6536
3419
1447
4902
4020
6194
3307
3111
6337
6370
1316
6588
6174
74
1168
4092
6456
6585
1515
579
99
6696
6303
6789
5930
6023
6932
5205
3793
2986
7328
3675
7171
3982
6277
6296
3537
6862
5765
7224
7484
7953
5590
7338
6580
3699
5079
1876
4979
2782
7749
3722
1037
3748
682
6229
6402
6575
4617
7418
1029
1719
809
4728
879
1666
833
5719
64
1883
6935
641
2953
177
7669
7934
1659
4349
674
5223
5671
3962
5894
1351
1502
7250
3831
4629
5610
1820
3628
1467
3022
7910
2925
3599
291
3337
5666
4422
1140
615
2464
1213
5793
4613
708
5823
6262
4600
6613
1046
6785
6914
7950
4394
3447
7868
4886
6849
4337
2356
5265
2428
4336
4624
2794
2130
34
7063
6669
5080
6066
6686
4789
1742
4567
4176
1827
139
5770
3247
658
7633
5016
5735
939
1238
7510
2886
2966
3731
7801
4913
2945
1599
1444
1113
5802
4702
3725
1824
3945
6185
1016
6963
3710
2996
7569
6846
4388
3089
2841
6978
5009
1407
3099
1183
5851
7611
2847
1251
584
3237
375
947
6188
6049
5908
7306
6955
3620
3843
8119
5328
1384
908
395
1191
1472
357
1882
3180
460
3972
2347
3589
1928
5764
3199
5807
1067
4717
7840
3151
5734
5694
4850
1091
8071
2295
1148
6548
5410
7017
4316
2990
5472
2157
512
3365
7023
3040
7920
5714
3886
6050
3411
3939
743
1063
1290
1270
8132
3768
4335
583
4708
3346
2211
6636
6351
6680
7046
3912
5322
3852
4324
5749
2960
1741
7130
3421
3733
3366
4588
3417
4339
5567
6501
5889
726
4551
7371
1089
6073
2893
2037
6573
3300
10
1904
29
840
4221
5414
3720
4851
337
1595
3363
918
1976
4993
4791
2805
2106
5049
5769
6021
481
5568
1217
3021
750
2370
4101
1003
8044
3807
5332
5875
867
307
7759
7272
2487
4921
3257
7755
3334
4568
6745
7629
5258
3846
3615
3685
611
3198
416
2897
7751
2306
2738
1298
2071
3267
587
904
3325
5581
6752
2268
5104
2835
2976
7827
672
6722
8035
6845
3631
7344
1393
2030
2874
6572
2863
7101
2083
4172
475
1636
5880
6140
6497
727
5932
2798
3639
4495
4529
685
55
5194
4499
4008
7593
2363
5216
169
6406
6197
7698
519
6579
2311
6259
670
6577
3920
2698
1533
2630
6791
8063
1925
5011
5165
4661
4765
476
3191
4362
1489
1938
739
6389
3988
5137
3393
1927
271
3855
3953
4302
1135
4590
6076
2263
2142
5427
571
2765
5861
2528
712
6134
1338
2175
2265
3281
3566
6401
7209
1559
7775
8123
398
7423
6926
7088
5722
5520
4424
8121
142
2544
2977
6014
6413
7984
6452
3986
2038
5855
2693
2628
6831
492
6769
4376
4166
996
7709
7284
4766
6331
3418
7996
6288
103
5882
3734
7613
6567
7334
167
1018
4082
538
753
4482
1706
1423
2362
3531
2860
7986
297
1776
2029
344
818
4640
5792
633
6836
2078
3641
6111
4007
2865
564
5887
5208
2545
3803
444
5900
6772
7917
3648
2891
4318
1043
7314
884
1875
1223
2775
2454
556
7550
4899
1069
618
1147
7994
1505
1255
3813
7176
5226
1826
7703
3724
7156
4839
1731
4308
875
2597
2664
2257
7425
7254
5779
3998
5995
176
497
1252
3949
245
7249
4400
4788
321
6655
1886
7907
7303
3697
4263
1819
3997
1101
7290
606
7878
779
1390
699
5413
4093
1639
6515
1554
4896
5072
5585
3826
866
4961
284
7421
6858
622
1512
1461
5828
3339
217
7257
6253
2226
2195
4201
7659
5280
1852
5720
5649
7882
8084
2576
1665
163
2197
731
7601
5360
7206
7029
3025
333
3626
3700
437
2636
648
3216
6113
1127
7048
4756
7281
3892
6682
4670
1293
3575
2711
110
6057
1049
1988
5184
5127
4675
6842
6151
5074
6987
6272
7653
4350
6206
1648
5870
704
5702
3913
1957
1918
262
7450
3745
2388
2228
303
2785
1206
1549
3298
4514
7479
7028
294
7787
1096
2402
5397
6470
2441
1707
1470
4706
2162
7509
3304
7638
6443
2815
6962
6882
7819
7302
1785
7741
6590
4777
201
3907
5247
6912
3513
621
3890
660
864
6170
4747
4659
7388
299
1283
1177
1527
5416
2432
5971
7567
3486
5277
2214
4698
7861
1567
6226
6335
4929
6761
2331
980
5233
3698
877
1861
5815
1779
7143
2292
6795
1264
4949
1141
4746
4854
2477
2290
4230
529
596
7944
3077
1307
301
6377
5830
4937
3046
7473
8106
2868
1898
3451
5625
7973
4817
992
5592
3311
6910
4425
4381
7374
4793
3239
2708
2229
5944
4285
7085
5305
362
3786
2116
2452
3265
2172
2501
4069
16
3493
7462
5853
379
7370
4417
1186
6469
4033
6702
3796
6404
2500
4682
941
6951
5315
2827
4147
1782
1062
1463
3110
6853
1460
6330
7664
942
4094
2340
5598
4954
2617
1182
754
5905
6985
5249
1853
1130
8045
5736
8040
1004
5423
4184
3927
3070
6342
2652
2747
4295
4071
4364
5151
5337
5200
5996
6036
207
776
765
3908
5737
5350
5534
7682
3047
3186
7928
761
3263
1619
4721
6956
6494
7690
6899
3437
3850
94
4654
734
3895
2334
1125
5030
6806
4338
4451
3966
5380
8041
4802
6503
1329
4504
978
4293
7804
8075
3324
302
3153
7909
1591
4801
1623
7201
4467
6792
5935
4163
3098
7598
3051
2253
3758
4637
1119
6146
1653
5744
2888
6186
5327
360
5638
3399
2286
4380
775
5503
7805
4714
401
3405
2848
816
445
6971
2289
7615
2384
8024
2580
6984
7632
3163
3950
4480
4579
3475
1839
7332
4244
1996
7208
7112
522
4859
1608
472
4691
1005
1780
479
594
4718
4198
1248
6738
1770
1956
1621
973
3383
2834
4448
6314
772
3187
4922
6133
7544
1651
2108
2149
5745
4915
5553
4060
1743
7949
2072
5274
4029
2988
1041
2399
5934
4411
7417
359
6593
5657
6466
4246
1811
6570
3106
4378
5206
5345
7069
7852
1124
171
6768
4363
79
4680
4970
1481
2133
2682
4701
6691
3258
5073
7844
5240
1798
2974
6479
1504
316
1541
6168
5929
1146
1899
124
5704
3738
7000
5739
4024
3358
6172
3776
6033
4360
4861
6228
5512
3455
4517
6096
4458
5710
6750
6799
6706
5438
7630
3871
1263
6263
4150
3476
1913
1361
3090
895
6327
1788
3149
6127
6169
2742
5153
1040
5805
1697
722
2390
5551
1530
4997
5267
2694
6284
1894
6
2050
4855
1077
857
2494
3385
6989
4309
391
2998
7758
1056
976
5587
7253
2731
7573
7155
5758
7472
6390
5723
7435
5268
1641
5715
4688
2950
5840
2982
6891
2942
6109
1075
7385
7803
6685
892
7864
3709
3696
5609
4370
5632
490
1415
4473
5881
5361
6871
7492
454
2912
1117
1871
1534
7648
2978
4610
6427
7719
7267
3367
2833
1550
1310
2837
3774
461
276
4814
4515
2514
5126
5262
2558
4001
6042
194
1600
5836
6601
4565
6838
7958
2024
6850
4261
3692
2115
4722
2676
6010
1506
4771
143
613
7151
136
5801
5866
1164
657
646
3129
2632
8091
4288
3762
7499
3426
1672
2456
5603
759
2383
4651
1517
7686
4032
7448
3136
1877
4985
1864
3821
1398
3284
5482
65
1403
3272
3412
5731
7096
6591
4
7961
3536
1424
3621
2039
6718
2846
3516
5926
3299
4373
570
7099
5099
4557
2048
49
7031
2825
2573
2496
5956
5536
3374
4914
6619
2761
932
5544
5920
7380
4638
5301
4140
2349
5689
6418
721
3024
989
372
4385
5186
7061
5756
1397
5255
2929
3146
7832
2045
1194
5641
5203
2784
7578
5755
5363
210
567
4210
6432
6087
7052
3424
5061
6672
2639
2414
5562
4527
2786
995
342
1972
6649
6659
5672
1555
4445
3370
8108
75
3018
8033
7170
2766
1556
2047
2658
6346
952
5005
6822
4310
2963
1831
2845
3371
1192
2476
3290
3636
4118
965
1906
2188
4011
61
3715
6829
1138
2449
1362
7564
1942
77
115
1888
6506
5050
1324
3360
6981
3930
6856
3881
31
6103
5454
3280
5621
2181
6734
5685
52
3674
6851
166
7311
471
3606
6329
3000
5874
4712
1394
1627
5978
4531
4358
6115
5508
3553
2127
6441
447
7321
7184
5575
4795
6794
751
2275
1774
4050
2008
7149
7733
83
3662
5680
7875
4056
3034
1667
3488
2239
6704
3971
3791
6693
6417
3744
6801
4038
5928
5975
5471
6678
5478
6035
6615
3721
5890
7168
3384
4658
6700
803
6886
4782
1218
2492
5292
5488
1054
7687
4778
3515
6482
3045
6463
1352
2869
8109
3448
6383
4034
5679
1869
4645
8112
1431
982
4187
2696
7090
1243
6996
6888
2192
6131
931
4431
417
2381
6459
4494
3765
2970
3259
1023
6597
1754
929
7373
415
1318
3302
2330
4018
7041
6219
1614
3068
5048
4852
4488
1493
1052
2203
553
3301
697
5687
7242
527
811
7084
1136
889
3729
7442
1738
1404
3083
7364
503
5174
3044
7673
764
4947
5664
266
5171
7722
5100
6907
3659
4884
4936
2687
3868
7726
7403
1273
4202
4427
1167
5155
2795
4036
6264
137
2482
7235
7142
2541
7947
2481
1535
2999
703
4643
7467
2125
5006
1539
3269
2272
7720
4496
4962
1916
6265
3981
1752
3072
2769
6805
5835
17
2881
6236
5991
4873
6123
3236
1750
2150
2121
2679
7391
6318
5401
7693
4626
4392
190
675
4115
7701
3651
21
2828
7405
7914
3497
1172
4668
5455
6784
3429
2852
6874
5370
1830
3350
5286
2065
394
2460
3256
3472
2638
6802
5373
5191
1438
3085
612
6524
7970
4059
7512
4130
4075
4677
971
4810
5640
6294
3231
2216
5630
1022
7781
1577
5602
3177
6001
1162
3449
2593
4609
2041
3192
3135
5023
7230
7383
7885
1367
5185
5318
2022
3897
7350
752
7532
1356
3687
349
230
1190
6835
7810
1658
5282
8060
7806
638
7712
4885
2485
5420
424
1755
4404
3351
5716
2005
1848
7768
109
5582
1085
4745
3835
1474
3838
6554
5670
2281
6653
7931
1274
1281
4533
1783
985
4744
4185
98
72
5451
7704
3708
4732
6544
5634
1721
4091
4636
54
4035
4853
5052
3600
6900
822
2313
3428
2854
1509
7414
7010
3640
1395
6796
7522
4224
6880
6632
2252
7339
5463
5029
1537
345
4022
597
15
4368
3081
4606
7221
7270
7766
6453
6488
4927
7778
6132
1225
4642
254
3999
1590
2074
5502
2324
872
6386
5467
1560
6708
7190
6117
7622
7658
6663
4761
3642
7271
7528
3130
7454
369
6870
2164
2360
2709
1692
4143
2171
7451
2525
6425
7677
7193
896
3507
2400
7259
3145
1368
6915
5111
6261
170
7440
6306
7769
605
3825
945
6255
5357
1622
3480
7245
3432
5480
3686
6278
5845
4569
4459
3667
1809
2955
5148
1814
5955
5457
7039
2061
3743
56
2287
2993
7631
5189
1771
3036
2857
8096
3470
7019
2444
6997
4981
7942
5762
3617
4131
4031
2156
1341
2644
3245
1562
2745
6458
5316
25
100
2259
6299
8083
2141
4919
3491
1050
3349
7789
12
2475
4987
6075
4820
3390
223
4904
6988
4449
3704
7277
1487
7087
40
7139
4812
6834
7431
6156
1257
2103
2626
7623
898
4825
7283
8069
852
1637
5134
846
4194
4199
4689
5254
6911
1406
7941
3658
688
7240
7738
2044
6160
7822
6421
4687
30
3318
7197
2508
5018
3012
5053
5746
4325
6341
5693
900
196
2686
7300
1038
5204
3943
3960
1652
5493
1165
2746
84
2161
4017
183
4105
1571
5633
7117
7896
6770
2369
4727
5948
7592
4374
6532
4433
6065
913
6564
575
6224
4739
3063
3293
4188
4818
855
6180
2418
1303
70
1464
2178
2168
7280
3171
7513
2066
2353
890
5105
7432
5234
4314
97
2919
3808
3333
525
1153
6037
7106
3128
650
6844
1594
1013
1498
8111
1173
3060
1137
2405
2872
3436
5220
3947
4282
5116
2587
5635
1999
2534
8077
2723
2042
3624
3985
5543
5800
6084
7795
3872
2633
665
2033
5224
2524
2403
5773
6189
2136
3313
814
363
1967
7064
4393
6190
6457
3761
390
1915
2007
7322
2155
7654
4837
3123
7945
5898
5283
6531
7393
2933
3959
7688
4019
4461
6660
212
1180
5481
1855
7539
636
2979
4377
5990
2467
4321
7551
233
3458
5056
783
4239
188
2110
2832
6919
7121
4408
1677
839
901
1656
6207
1523
3133
3193
6780
6543
6266
5117
377
3951
3184
2420
4095
4537
96
6043
2856
455
6270
1179
2173
1895
6352
2087
1617
6211
1402
4111
915
3917
3877
6411
686
6237
8116
3582
847
2397
5441
4563
4583
6938
3322
5578
5449
1261
6161
6561
6137
4304
5028
3823
4313
3517
6639
3074
3354
5922
7838
8094
2231
6581
7013
2861
1220
86
7565
3830
6764
7065
967
5960
2052
125
4177
108
1751
2866
4096
3167
1036
2506
1524
8046
1306
4863
914
7666
1607
4158
5554
6158
6492
5500
3742
7607
1514
4710
3369
7119
2220
6164
1239
1039
2182
5364
11
3994
7820
5419
4945
2260
4332
3211
4280
7802
3125
7330
1314
3955
802
6526
3450
3746
4153
4649
3473
6847
2398
8068
407
5647
7691
373
6363
6582
7135
1336
2090
1936
4559
5122
5877
5629
608
2936
7018
5523
2704
509
3510
2715
3097
6953
7790
6260
2001
1610
4715
3330
2579
3957
1968
7772
32
3689
3431
5856
3194
784
6821
5412
1129
5617
7408
7011
165
7812
116
2640
2965
387
4254
214
1321
5516
2307
6061
4510
1548
5017
5202
7216
7495
5299
2650
6635
6721
2543
4089
4633
7362
3173
6393
5839
3042
7891
5090
824
6885
1881
979
2345
4000
2459
2927
6720
4389
2714
6773
7932
4127
6368
1317
3215
1910
3092
620
4593
6798
2146
6095
530
2391
6476
6749
499
2706
6448
1500
358
2426
6690
1051
6332
4333
2531
6366
2516
876
4289
6034
773
6268
831
5555
6823
3327
7536
7863
4342
1466
2611
7102
2004
6157
2851
4829
1937
6937
1490
7178
6166
4805
5259
1866
1074
8015
7187
747
317
1027
3396
6382
6398
3539
2896
5176
7884
830
4298
45
2951
2758
3502
4420
366
4589
5542
5658
4121
632
3512
6703
1574
3407
2329
3570
1494
5718
2208
3165
4742
1408
1081
4209
5767
2013
865
6213
6415
623
7494
6733
669
5753
950
2801
5820
3551
6755
4402
347
5141
1422
4984
3319
410
1106
1835
7770
5496
6110
7965
6450
4605
5113
2565
5515
7689
2169
4753
1598
7858
7129
6175
2821
6517
7008
1389
5307
988
6273
5597
7345
1825
2054
6437
8100
7286
2419
2224
3759
2943
1323
1325
6624
2465
5095
987
6395
2948
278
7976
3613
645
6995
5054
4552
2816
4560
323
4195
5827
36
7047
3254
540
1477
2964
4857
5977
7420
4798
2568
7173
7581
2507
4108
3649
6865
6347
157
3264
542
3594
2582
5338
7430
7535
2610
2406
1862
5284
2983
1799
507
3378
3062
3629
2035
4901
5532
5485
1262
3976
4174
1579
4290
7043
2625
614
2707
1128
1954
1903
5375
2968
2344
5940
2321
219
2297
7095
2774
6339
6004
5910
6267
2277
1241
838
2077
705
7848
1200
7375
1767
6483
4133
4731
3181
5628
4520
6671
4129
3632
208
4562
7340
2883
6516
7336
2542
7974
7026
3329
3611
4242
5396
6884
6478
7222
1592
3548
1840
426
4487
5314
6869
1901
5604
1188
6966
2553
4794
969
1254
6333
5778
2560
6576
548
330
2111
3071
4142
5788
5436
5385
4977
2355
3209
1778
5374
6748
7144
5561
1379
2734
1132
1710
2082
7604
6992
4347
7476
5209
6600
1322
4733
7153
3562
4971
972
554
3433
2109
2445
949
432
6933
7212
5867
7918
6319
1675
591
7504
4868
4436
4296
7390
1540
6557
361
6477
1345
1497
986
3784
6380
7236
4524
5505
6787
3443
6428
1746
3484
47
7794
92
1690
7591
930
7486
7343
3223
4516
7078
725
6480
7279
1333
2880
2975
3940
3462
1450
3140
4501
6774
1507
7427
7313
2717
1911
3854
7070
1429
5825
2563
4604
1545
4647
5448
7605
213
403
4315
87
4978
3528
4783
173
3069
902
6358
7777
1288
642
6959
6803
285
6008
7228
2251
3249
6426
1867
3719
2385
2036
1175
3610
6210
6102
871
7836
2980
6931
273
3020
3441
2446
812
1810
470
6069
3878
4175
4681
7107
5429
957
4989
1042
3750
4057
7600
5377
2787
1427
112
178
7036
2434
7743
8048
6105
4666
6248
5447
6114
282
4474
2089
2554
2489
729
8117
6541
3608
3866
514
4197
5001
4273
1410
1526
3114
7287
5774
2741
5919
7964
2079
1496
5101
502
6942
63
6657
4189
2100
4491
3586
408
2504
7736
5415
1789
1295
7241
8032
4206
8049
2245
6462
6958
4799
3560
862
4344
5008
5701
5230
5992
5879
2599
6929
552
4935
4079
1676
5025
3944
3427
5368
7982
893
5728
4383
1813
1350
3309
2669
3261
6943
774
6394
7326
493
5912
7869
7545
2069
6017
7009
7725
8076
446
7359
2237
6618
3948
3904
1301
3004
8105
5987
4227
4758
3271
6967
7360
2200
602
2132
5071
5743
3646
1492
7587
1483
1990
1070
5440
5606
1340
6607
7138
568
186
111
1017
5713
3764
1163
1616
7756
1576
4956
7997
304
2309
6920
1313
3222
2249
6239
5303
4113
794
1375
313
7966
4141
546
2256
5109
3229
3993
3812
7762
1568
7697
5841
677
3210
1484
148
3091
4168
6063
149
5379
3559
314
3316
7617
5400
7527
7899
563
6220
953
643
4498
6936
3668
2255
7824
539
5726
352
326
1451
3609
6116
2512
4570
4910
3705
3414
4561
2961
1391
916
6048
6627
8034
2705
4123
4992
1479
5069
2120
6391
3858
5986
5088
5619
5776
1845
5580
2107
4968
4413
5168
6906
2006
7792
1823
2453
6697
4585
2212
760
3579
3005
6067
7167
4991
1109
2448
2527
7315
3320
3214
5916
5951
2882
5133
1761
4546
421
3381
19
6917
4523
4355
2548
3464
1547
7146
2684
7506
1197
3622
5844
2692
386
422
6983
1079
4341
6908
2778
5140
7793
3578
815
2440
558
5405
5398
7428
4307
7248
7059
1806
1045
1642
5010
4803
7252
5450
1388
4881
2818
5700
5947
1977
4513
5607
5816
7988
5394
5857
5136
7077
1975
5780
6945
5727
2215
4479
6751
1711
3465
1468
1118
1012
3286
6520
2137
2757
3602
5032
961
4269
1611
2878
3409
4291
3534
2011
4907
2522
505
3603
4676
24
290
4366
4933
118
6143
6875
7876
4526
8026
3276
7124
76
3915
1093
4576
3694
2416
6707
182
4065
6977
984
3572
744
7850
3832
3707
8078
680
2926
4232
3080
7074
5325
1439
5344
7145
4950
3992
1236
6529
7672
3221
2407
1588
5901
3013
206
3446
7285
2184
7585
6091
6009
3623
2375
5435
8042
4656
7643
6381
7542
4178
2760
3749
2138
1187
7320
6765
7660
5362
7893
5571
4672
5371
6429
5081
3605
7851
4972
576
7104
797
6616
7651
8009
7007
6553
8037
4543
6104
4002
7200
1371
3541
7398
3459
4180
6387
7366
2376
3989
4646
1294
5369
3495
7665
6238
3554
6013
3902
3203
4864
5250
7998
4581
5383
7829
545
6921
5781
6771
443
3788
2569
7813
4170
57
7951
1122
6918
7821
5132
5918
1762
1629
5118
3804
1195
4631
7679
1021
7443
6909
6022
5358
6519
6249
7980
2648
1921
7566
7154
2938
6511
795
691
2073
4468
5914
7012
4460
1462
2859
4139
211
3552
309
4081
3026
4671
3342
1766
4439
683
7713
298
3109
4737
234
5517
3712
6171
5842
6694
3865
2271
7763
5150
1934
1705
1758
4700
7258
6090
8131
860
7516
2954
3815
1708
6412
1060
7337
6308
3862
1575
4539
3170
1605
2205
7075
1280
1277
5199
1764
5348
7904
4311
3082
249
4043
5395
4055
4627
2538
2923
7523
6173
4429
3714
1959
5988
2484
286
6878
409
1425
5605
7609
2752
5462
2836
4218
2799
5642
6719
2754
5157
5129
6528
4088
1521
1246
3775
5677
6980
4653
122
1098
3066
7324
3568
782
5075
1161
6233
4348
7588
5557
4462
649
2027
6112
1941
6807
7082
4012
7746
7185
2284
2889
1210
3671
7955
6647
6495
7525
7098
4512
2952
404
2532
7180
4960
1228
6089
2177
7990
2894
5145
1808
4735
3387
3643
452
3406
4963
4283
2167
2924
1880
1838
3544
4124
2915
3001
6439
6136
4741
6179
5761
3242
2303
5439
5201
7731
5814
874
6782
6500
6181
4107
7004
3467
2491
6053
3096
2672
4608
135
2930
4709
7559
4077
7030
7683
2716
8043
7603
5498
7614
434
7234
3795
7387
3115
7529
5037
1482
3769
3252
3864
6537
5403
3185
274
3416
786
2314
7498
5275
7365
2043
730
2186
2939
7400
5333
2059
2663
1511
1335
3713
3983
6560
5300
5257
7006
1912
1604
3160
146
7860
3359
4492
5290
1380
7968
2191
7831
3095
3875
4988
1704
1143
4074
7562
27
2811
5490
4181
6451
8016
5760
3248
3388
8014
3530
700
5915
4641
2822
6107
2967
6895
6523
1360
2614
1994
4882
2187
5229
6730
1207
5295
413
7791
1985
2743
6566
593
6589
3851
4787
3122
4193
7877
4136
4323
4219
6312
5594
2367
4713
2814
6614
3670
2518
911
6681
7814
2117
767
7210
35
1495
235
7436
228
1311
1833
1158
4519
6461
1178
7939
6731
2946
466
172
7137
4564
3952
1807
181
4169
2114
4257
6348
7841
5015
5096
2838
5288
4447
6965
1405
3771
6498
2751
5432
4390
7919
7157
50
268
6638
5408
4155
1729
6274
6028
4026
4200
4375
577
1300
1944
4062
7419
195
5417
4750
6187
7161
8087
232
3760
4306
3498
6405
5106
804
5824
2025
2562
4547
4665
3874
7445
2435
4734
3043
1181
4162
5107
1587
2634
8099
2439
861
1532
1059
3328
4785
1609
943
3303
6106
1031
4545
8073
4061
6525
7159
4664
2143
2843
4040
5306
858
755
2490
2341
3395
2657
5125
6828
2683
6378
723
1787
7355
7353
6153
6108
6038
7358
2807
5143
4584
81
4969
1981
5335
5041
2221
7352
4507
1201
62
3840
5084
5937
8115
3690
4005
5673
1268
5128
1508
999
6687
1285
2749
2028
5499
1457
4132
464
6436
1346
4623
202
3828
5495
6743
5501
6419
4780
2729
5707
6283
7489
1546
7634
1315
793
1202
1000
3142
1234
1440
733
6982
5921
637
3627
292
3688
2443
3592
1176
7223
6812
1713
3235
825
7582
7915
6957
6603
3238
5418
3885
3423
6027
7798
6120
6952
4983
4980
1670
2479
7754
3519
5552
1149
7845
6709
6392
5119
964
3213
7456
7289
3806
3511
5850
4430
920
2649
2808
3732
8120
4525
4566
1169
6305
350
2670
4865
2922
2285
3088
6344
6675
4080
5163
4403
7799
5865
5644
4692
1781
7530
7217
5272
5000
8125
5588
147
2336
5964
647
4903
5983
3244
6094
2853
3833
3711
5549
4755
6626
5636
3747
6183
4889
4466
6810
3567
1989
2193
120
2497
4906
8086
2264
817
6552
6215
1846
1353
3822
154
1935
1768
3076
6152
6817
7490
533
5659
1291
2721
6445
2806
4470
5822
7073
1459
2753
1872
7083
7521
6747
5668
6654
2842
5627
1266
3780
6307
168
4301
6223
6818
6155
6610
513
1279
6757
5047
1235
6705
4679
4879
7576
6212
7136
990
7670
3023
3050
2279
2461
4126
5911
5461
478
4508
2735
1687
5518
3078
3490
6808
1453
2823
6297
836
2119
6128
5696
5347
3108
3523
4346
7880
878
561
283
296
7309
6334
5652
2373
5946
2019
661
5927
3401
1108
3362
7533
6019
7220
5271
2887
7015
6622
5528
1572
3526
4840
3501
2194
1372
524
5533
2174
2594
910
252
5811
5297
6080
311
7596
1221
6598
7376
5177
3073
4084
1757
7297
4014
332
6974
3116
6438
2826
3201
2429
7520
4511
3652
2792
3196
6513
736
5460
6375
5222
2437
1603
1992
6039
5999
6257
5211
7108
3509
6086
5522
1643
5961
1997
5965
7034
4204
4883
3527
7767
6085
6099
7377
2267
6349
1458
4900
150
1087
7447
1131
1691
4426
6374
66
5586
2727
5310
850
4595
2809
2023
1383
7995
4013
2584
600
4877
3540
1699
4558
7957
1010
5623
1561
5969
2590
7497
2641
7500
2122
3120
6176
3546
1857
2300
1208
2777
5829
1331
2436
3565
8114
3571
7637
4544
6142
5270
4357
2283
6640
7959
7464
4725
7675
3219
7434
4740
4632
3400
1334
7325
418
962
7642
3792
8088
488
2790
145
3635
4874
5235
7933
2875
7487
6946
7526
5712
126
2810
256
2994
5329
5748
1159
2012
4895
7579
3124
5378
4697
7597
380
5228
4312
104
3009
5086
7620
6282
1693
6044
3916
6668
4484
4540
4975
2879
5782
2674
681
6611
8018
4580
762
3811
5514
6824
3144
5620
6633
6496
2870
716
6098
423
5431
5684
2266
560
4229
1715
7972
7066
2354
5682
3479
2662
7231
3430
367
4137
6540
7735
5812
2480
4278
928
2934
7183
4773
1732
4887
7515
4909
5060
7911
702
3958
6852
3331
4826
1480
4572
4331
6754
4587
1244
2850
4379
6562
713
3923
3200
7317
1679
4876
5577
498
5981
1585
3270
6431
400
1007
7979
2160
5681
469
3514
3931
3487
2359
3282
13
7055
1635
3922
20
5252
7702
5167
6353
3138
1211
3558
7826
7627
3410
7049
5479
3853
3056
128
3601
4317
4414
1698
8110
3783
381
3010
4982
2902
2332
8027
2319
4528
4999
4023
3439
1703
6079
6574
501
237
3647
6473
3425
1586
6016
2756
1773
4870
2046
5021
4369
2002
3873
243
2269
5238
7025
5891
2681
3456
6321
5660
5077
4926
2382
4574
746
6184
5771
6320
5868
4441
1816
3532
7477
7133
3990
7038
4532
5859
925
3188
5854
5931
4476
6777
353
3253
1145
1748
7204
7033
6216
5445
8003
4845
33
6629
1573
287
7641
2422
414
6124
7238
1655
1452
3561
7198
3364
1668
5269
848
6947
6018
3195
7747
2348
3262
2084
4673
826
3202
2493
3127
4843
3478
4154
3619
4076
946
820
4329
7233
1896
4890
3918
2060
2547
5484
3583
7621
7293
1662
2529
4151
3274
1151
5697
2793
3189
5873
3777
791
270
3415
7349
2665
2423
1660
5563
1914
3255
6465
2817
7103
3778
2368
7182
5173
3483
6442
2230
7929
1347
7174
2653
2755
1793
2737
2783
240
3677
1685
4213
7150
2931
3317
3260
3500
8036
3929
7572
3496
3634
458
5833
4149
7671
7991
5579
46
5372
5526
3172
