6103
7378
7360
1527
2206
894
3100
4299
2074
2588
5056
8073
5846
7477
6513
5371
5929
5730
709
1347
1870
3055
4516
4169
2555
6283
2542
961
441
2091
6250
6862
6900
6227
5591
6270
4457
6868
2151
2355
7976
295
3809
6364
2692
4430
3572
298
6215
6898
1544
7951
7858
5878
5939
1816
3631
5104
7808
6545
2233
7882
2740
7155
4375
3864
7952
7961
6684
593
746
1503
6605
1172
6037
4148
2083
2655
805
5992
558
7472
1470
4254
2300
2356
2054
943
4168
4351
7312
767
7411
5429
2219
5458
3213
5200
918
1221
3004
2797
5801
4259
5404
6427
7427
5764
5713
7340
7828
5856
6428
4032
4235
6939
7527
942
4269
6214
2170
187
41
5298
3978
3604
3577
2654
2371
2530
3018
7244
7857
7116
42
3367
325
7144
14
5384
5020
6065
6078
6414
1576
988
5293
4021
5910
3548
73
1014
7802
2093
1957
5196
1070
7911
1644
7357
3772
2409
621
7492
7171
5843
1446
1498
7980
4997
4215
4486
4451
5381
423
6088
2608
6353
109
2428
3196
2488
4796
1731
7783
5
6069
1565
5147
6273
1696
4699
5927
2639
182
4326
5190
1243
421
7496
6158
1492
3905
4464
5637
6514
1631
4779
7388
3756
7750
3818
3039
8036
7597
5616
5472
2123
6122
7754
2377
2329
4745
5614
6676
7869
6537
6783
3523
196
5961
7392
4144
4584
6762
1448
6232
6299
6435
6856
1353
3856
2673
2379
3060
1087
3946
913
2817
486
4296
7013
5503
7736
5870
7490
4519
672
2193
5594
464
6813
6425
4394
4264
1305
6455
2975
7877
7599
218
7989
6489
119
5364
6602
6653
1438
5058
5219
6348
346
254
1942
1595
6079
2515
2985
4115
227
6286
5030
231
7473
343
1412
2212
3495
3921
1528
3709
7254
647
2922
3883
8041
5576
1757
4602
908
6006
5983
1548
7395
6518
1569
6610
610
5504
4220
2397
3891
569
4739
2033
4609
4066
381
7996
2192
4225
5699
7173
1956
309
1459
6822
6128
3354
2486
3894
7123
996
1416
7087
4781
868
4870
6624
3199
5715
4954
6805
133
5830
8104
5956
4023
5506
6577
7008
2928
585
3058
3997
7412
6891
1012
4443
7295
1278
6120
1302
4655
3567
7060
525
6788
3053
407
3481
5945
875
6375
1054
7011
6277
1058
1736
6657
5798
4445
2046
4170
2849
5607
6713
5256
290
1410
860
4970
3073
5684
6154
1398
2286
2456
2009
1808
604
3741
4591
4633
138
3242
7174
4051
5944
6962
1055
3881
1746
1988
1002
780
1688
4152
2912
7097
7273
1989
7133
5393
7554
3462
6903
3957
2802
6072
3447
2149
550
2010
1739
5708
3988
5386
6101
1186
4946
4689
2290
4974
2067
1682
1983
3156
7354
7854
192
4421
4651
6244
6864
3486
857
5566
6608
4737
6681
6971
1770
1139
3259
7788
1691
844
3418
2699
1672
2075
5598
2605
1943
1096
5990
1268
2811
6432
1999
6908
3643
6969
5914
2205
5973
7304
1946
923
4431
1287
3824
6621
4823
456
4157
7635
7564
2387
98
2988
766
7848
4012
4650
7303
7436
6776
5975
5722
2124
1277
3983
4487
2837
7669
7348
5041
3480
5623
6280
4173
4573
1666
2216
7465
7040
589
6095
687
7598
2607
2394
1987
6190
4876
3697
7864
5002
7029
6717
3086
6416
6044
4068
5899
6845
4206
2061
2425
1385
4427
7162
1526
5646
3138
5004
1922
6420
3510
2582
4570
6304
745
2498
7124
3233
546
4506
3457
1980
725
285
2871
7385
3623
6022
3265
7702
5803
6097
6821
6521
4705
1041
3666
4936
249
27
6976
6697
8015
3104
1524
6975
5512
4424
6771
3045
2629
965
4993
4312
1992
2598
7704
6883
3887
4606
2291
3391
6002
7582
5197
3064
6756
6314
1743
6696
7856
148
7200
7863
782
1948
6228
567
5352
1050
6972
2401
7168
7009
7054
6139
3396
6733
6732
2150
3072
6051
1825
4726
3626
8133
8031
5766
5813
3984
409
1837
3271
2159
5782
317
3889
4846
3657
1759
144
8
1266
4525
2117
7601
7122
5066
471
1159
4239
3094
1761
7106
4339
2560
6222
2243
3512
4797
434
4456
6195
776
4799
1998
2240
4202
7338
6374
898
1780
7543
4478
6613
7891
5390
1151
5774
5475
6368
5122
3622
2863
1773
7409
5822
2058
504
5952
2136
7664
4700
6764
5528
6745
507
2888
1216
4702
4019
8107
1024
4282
2519
932
4556
2997
4332
4320
7742
6619
7811
7859
6449
6571
277
3029
927
5711
4350
1515
2693
1857
1732
3214
400
7418
1896
2285
7643
6814
8048
4395
3701
2795
7712
845
1871
2411
489
2733
7970
7585
1647
2661
1610
2022
572
2907
5776
7666
5055
1495
89
1869
3479
5926
2830
1358
1516
1723
3863
5287
281
1075
1574
4750
5370
6945
6540
537
6275
4283
7020
5334
3329
2436
1914
2005
5932
1337
4097
7718
7082
6071
2037
2086
1368
5726
6736
5417
1831
2221
6371
5379
661
1620
5770
190
5053
5486
4100
2761
7570
6656
5589
1833
1178
5276
5780
383
983
2015
2667
6761
268
5470
3765
7860
7896
7033
1155
180
5677
7132
6388
6570
2905
7777
895
7894
7176
977
974
1434
7449
2399
5557
3961
7012
922
5215
4627
399
1344
5739
2094
2484
4077
1328
2467
5654
7653
7093
488
1191
7031
7590
3945
3904
3088
1872
4629
2891
1553
4571
2885
4052
7956
6458
2897
936
47
1306
802
1042
4508
1307
7364
5773
5113
194
928
2176
697
7454
183
6312
1177
6539
5771
2617
4538
964
554
2810
5430
3852
578
3860
3406
5082
2118
8110
6026
532
6747
4725
2047
7419
3509
4146
7166
1713
8058
6355
6581
4618
3411
189
1349
2384
3922
3777
5650
2581
5827
2427
2404
278
3137
7090
2308
2833
1093
2970
2659
5911
226
6564
6834
5355
5156
1940
1509
3335
6929
3027
3993
2265
112
7737
2109
6573
4989
5588
7325
7973
3874
1607
3185
460
4247
3964
1310
75
6245
2068
5418
7887
6727
7271
2632
1443
1258
1661
2272
6984
422
7733
1522
2804
7334
5451
1888
7668
4889
3015
4646
7067
3432
1001
4371
1664
408
3575
6003
7583
3352
4218
3098
6310
1485
1316
2372
5854
955
4496
1267
7623
1692
941
5847
5436
7834
3401
6966
5220
2521
1363
1715
2197
990
5440
5107
38
3862
771
4754
3390
5732
5544
2115
6288
6670
4619
4678
5608
3142
7297
2140
7600
7249
6336
4252
2974
1891
3460
7708
90
2441
7833
6505
326
4924
3536
7243
4755
720
584
1456
6431
3111
1208
4639
4622
8030
4465
2305
5811
5982
3021
4219
7936
3036
7318
2238
1671
4268
1409
4211
4632
7366
5963
7575
1046
777
3813
3912
5834
1614
7430
6869
5487
2734
314
1051
1729
3317
2157
7242
2051
2978
2971
5188
3037
4574
7957
6735
3229
4783
5659
7102
670
6594
752
636
6203
1247
4016
2604
4747
4125
6104
4527
5510
160
5173
7401
4414
7626
774
5727
4316
2846
236
8082
1887
3660
4854
1439
6820
3870
2998
5423
2063
413
4200
4330
2684
425
2269
1431
5644
322
6076
5662
7920
7563
3382
4764
3592
880
2306
1985
7616
3681
1525
4926
2294
2976
7541
4592
4612
2231
5201
4492
3561
529
5880
7921
209
6080
2844
5141
5947
1951
491
6601
5165
259
1447
136
7984
4962
2283
2088
1903
3046
5879
1405
5536
2161
7792
1044
5858
669
2854
7439
5155
128
4986
6836
7088
8027
5367
2493
8052
6604
4065
3998
7901
4668
1311
397
3030
7353
280
4196
292
5597
7258
6847
6902
6737
3768
2424
7895
8083
1483
6112
1227
6575
5601
7488
1906
4603
5674
4287
3381
4598
2765
411
2685
2822
4158
3827
6698
5602
3967
2568
4679
3438
108
7038
7865
6829
4530
3838
7380
5841
3198
6803
4683
4560
2565
6378
6885
7574
6397
5693
8128
440
1819
3291
6960
1858
1966
1202
2903
7069
2502
26
5969
3936
7763
6886
1481
4376
4940
3871
4079
168
772
840
7540
2845
5194
4816
808
8010
3114
6645
4915
7248
1511
2571
7422
3299
3224
6973
7559
4814
5271
1900
4461
2677
3202
5825
1231
6702
1179
4040
4899
7109
2165
7983
7059
7044
2956
276
6262
6113
2429
1834
1442
3124
6649
2812
6318
7043
4648
1978
7341
4419
4160
6925
3850
3182
7698
1790
3507
2940
3727
3028
570
2611
1924
726
332
5251
3688
6047
5077
5348
4199
6789
1185
7692
7172
7481
7417
7350
7681
6472
3895
2251
7369
4594
2342
3760
2801
653
449
930
7188
5152
3667
3069
4877
7504
5164
4563
2877
7622
2383
6145
7604
369
2986
5805
809
6159
3467
7083
6629
1235
7886
7197
3310
6115
4171
4549
2274
2100
6857
5671
5342
7010
7319
2523
258
754
3485
7593
6967
2247
865
7495
510
7084
1000
7532
1117
1068
1876
1112
740
5571
3718
1462
7904
1013
1309
4361
5006
2762
3702
7531
5326
3979
7431
4470
4416
4906
1317
132
5011
2925
6319
5981
76
7521
5695
6488
3049
6775
1605
6893
830
6029
3222
1621
1542
5480
2298
2782
950
2008
1650
4758
3926
7098
7793
402
7696
5750
3799
2688
6974
1401
4325
2980
2133
5521
6357
5023
4582
8063
1778
6433
3634
6748
4825
3687
618
7801
2701
3193
6844
5724
412
7413
4240
753
6611
2772
4942
5831
472
200
2794
3085
3134
6246
4923
8077
3289
616
6618
4500
3796
8097
1015
6523
7328
4821
3653
7797
2597
2000
4568
7879
2260
730
6912
4384
3763
7267
5234
5329
5149
7628
710
7678
2302
96
2658
1352
5465
3938
6093
6340
469
4274
4114
2041
6911
6993
6739
2694
7228
2204
2747
4117
3550
4979
4420
1539
353
5664
2960
5743
3906
3678
7942
114
150
2526
2895
7230
6927
995
858
5526
731
4303
2965
3125
6136
3734
2310
5705
39
2614
5794
6005
2454
4540
867
8135
2873
130
2754
7296
2989
3067
7339
4955
4346
1406
2295
4512
3670
2901
5979
4278
4422
1518
2755
3308
7824
2613
4866
972
2097
749
1797
4853
3217
1274
4768
3323
7152
5305
7347
6800
211
2584
2469
6859
980
3880
6324
1232
758
855
2432
7609
3205
2343
22
2462
5901
622
2166
891
468
4014
7415
7861
2017
6612
3723
634
2649
1583
2751
5682
371
2821
1721
1346
205
3476
1616
7778
693
1847
2101
3641
6070
1281
5231
1480
2770
948
395
5701
3541
5282
5059
2917
2855
459
3454
5027
4671
2665
256
7128
438
1301
7468
3047
4526
1382
6303
4116
509
6344
3645
4968
2994
5032
1403
6212
4587
4302
6644
7840
2671
981
1642
2647
5511
5225
377
7421
5431
5180
3328
1932
2458
1994
21
3
6999
7444
172
228
6801
4018
5051
925
4522
4409
3473
8103
4454
1379
7071
915
2947
1850
1840
4392
6751
5565
3488
3830
3195
5609
265
1877
831
1510
5560
1570
1748
382
2534
6738
2242
2991
6797
624
2616
5596
6719
5300
3566
534
3589
3109
5665
3043
1812
7939
1897
6082
4528
6508
2778
2245
3105
6568
5400
6943
1813
2218
7974
4963
1193
5525
126
1667
2214
3963
1752
559
6387
3632
1815
1477
6757
6884
8054
2764
702
2314
3665
3574
5258
3301
5170
6177
1728
2434
1628
3610
5037
6708
3313
5366
2902
5556
1234
2635
3517
1572
4864
4925
1734
215
3008
2690
3297
502
3571
606
7076
4293
575
417
7196
2866
2513
7721
921
3011
6335
6415
1981
6473
5599
1619
4432
5468
2723
7965
1771
1625
2268
5399
3637
6092
338
4480
1561
6461
7237
5397
124
6347
5462
1639
560
1063
7728
4474
6546
4740
229
7218
1487
3298
3805
46
5542
347
1493
7126
7469
6882
7105
7688
1074
4468
6242
7352
3909
7081
2612
750
7151
4634
7414
4135
2689
5555
3005
117
5273
6457
5871
5781
1809
3471
273
2800
7330
82
590
5332
835
4145
7145
1303
274
3557
3898
7999
4452
7203
1513
566
5128
1788
3877
7630
3276
5038
814
3355
3886
4201
4852
4706
7292
4095
7732
6389
2147
2237
7501
524
1577
6153
959
1901
6630
3126
7831
6028
3948
7716
6579
938
8096
5176
531
1892
6373
7080
2366
6695
3245
3958
3819
6952
4248
4862
4067
7749
501
3274
1835
3017
4693
2359
5578
4404
2027
5692
2951
2977
2753
7239
7562
162
1499
2426
659
5189
2590
334
6979
8009
6933
305
4292
221
1970
5018
8085
7752
3612
1374
3950
668
3083
597
5351
2315
7148
3859
2448
6626
4674
3769
1251
1017
7453
645
6491
3048
5479
7739
2044
7756
6793
5233
7997
2908
4048
1708
7542
406
3795
4620
820
3857
1256
884
4855
514
1224
3051
1882
6086
5339
60
1029
3636
6493
4867
3084
165
5199
3719
5266
1052
2370
617
759
8017
5464
2850
3129
57
7025
5182
3684
6454
6337
7717
4460
3663
1725
3365
8020
3394
1230
2561
6224
6500
7561
5444
7407
3157
646
2278
914
2492
7035
7905
2815
4482
7508
643
1396
7982
16
4616
6317
2520
4463
5319
5016
946
2760
6843
1289
3847
4513
3306
2884
723
3148
5686
7476
6765
900
6560
1578
3212
6140
4787
999
5485
5115
7217
7241
1334
5520
5964
4423
375
2644
695
563
5368
3263
5909
5117
3744
1261
748
3433
6501
7170
7300
1156
5971
6049
3531
6175
6410
335
818
3203
6110
6008
2918
6187
336
1060
3674
4094
3521
1852
5894
240
2715
4245
3081
3077
6121
3849
380
7815
5304
25
1704
2096
7045
5186
3706
1209
638
3099
4744
7256
7645
3851
5845
4843
7298
4165
5501
6554
2626
2696
6448
6085
6909
4857
5244
3123
7389
342
1373
7538
3800
1399
6851
3258
1296
1056
4308
3397
4826
3587
2460
217
5639
6685
6808
6949
1824
4873
7990
2832
84
5832
4166
917
175
4575
6477
1367
3820
1613
1497
3348
3181
3303
4335
3858
7053
245
7129
6046
7608
6904
5419
4951
2720
1364
2403
703
2438
601
4491
6796
6679
7687
344
4672
7207
1848
2768
1168
4641
1297
4786
6773
6392
4321
3731
3911
2234
7225
3241
6143
7773
7499
851
7553
7897
6062
1629
5888
7791
372
3296
4343
3340
4590
3705
5268
7523
7361
576
6987
67
4798
58
1123
4717
522
6330
7762
2003
3770
1003
5132
7331
2259
2731
665
1532
4172
4401
738
6308
5828
4217
5968
7962
302
2331
1371
5738
4920
4947
4713
5123
7322
3937
4888
6021
4265
1931
7163
7720
3717
2914
747
1189
4511
2510
8049
2909
5877
5883
1804
5143
2478
4453
5072
6247
3309
2900
7847
7164
3358
1008
404
1555
2727
8062
3302
5206
2704
4386
300
3430
2152
4630
5291
2721
61
6922
1777
5048
7775
4595
5209
5083
1490
1556
4347
7276
2512
6042
11
5095
3136
7529
5890
5617
2954
5948
4092
6580
1687
7652
6216
5940
1894
1781
1304
415
2282
6031
4429
7050
7213
106
6422
939
6555
4777
7787
2889
7185
1174
3655
1201
4552
1141
1019
966
498
5134
5958
6639
3676
7157
8075
2196
888
3692
3150
3464
3609
2365
2451
963
5202
1341
5661
490
3656
7765
5685
4897
261
3174
1880
2599
3415
1829
7829
736
2910
3621
6766
5146
3825
1356
7866
5247
6556
1293
7260
7820
3627
4898
4903
4811
7061
4054
5634
5160
6030
817
1859
4803
6183
3960
4309
2178
6377
1133
7684
4476
975
7448
3787
3332
762
3642
513
2182
6142
1313
2340
7192
1330
6382
5785
8053
7890
827
2043
7826
6430
8114
7428
5729
3285
2619
6940
6249
920
1652
7900
4140
7947
2481
3147
5097
5496
2705
7670
7798
3278
65
3816
7138
6589
6874
4718
6897
2841
4261
7660
1170
5534
6475
7181
6683
7426
5420
5645
3153
3500
3201
1716
7734
7455
837
1161
4127
1455
2713
2573
4442
580
6552
1082
6906
2566
2527
4856
7528
2981
5584
5833
7972
8032
1593
4660
329
1895
2878
7691
5210
4948
8038
2354
7730
7662
6341
6383
3872
2102
4868
5490
4969
1684
1457
1131
1248
2709
4743
1634
4541
3751
7650
3771
5049
5052
7317
4900
6361
5427
4732
4276
533
658
7675
5153
4918
5806
4331
6316
1132
7113
2758
7612
2311
3424
6048
6311
6841
2264
4203
5242
6700
1314
3951
5600
2836
3753
2400
3370
1104
6553
7150
1094
5166
2211
8101
6826
2369
1673
5094
5118
5172
4885
6164
7356
5031
6011
6464
2756
8078
3342
6041
7835
2450
1657
3668
5069
3186
903
2623
3443
7748
2229
2712
2703
3564
1436
4143
6352
4621
3466
721
3014
3421
3638
3547
5818
4447
1225
3929
7624
5388
7932
4327
5783
7782
149
8113
2471
6687
5993
5394
3551
2867
5624
1023
8080
6252
6598
3808
544
1611
2232
331
1588
2656
1630
6210
1450
2621
6807
1594
4952
6586
520
3435
6354
2408
4498
3359
500
3518
3286
4233
6665
2045
5136
6780
998
3420
7337
2779
2961
3846
2055
8004
4275
5669
3116
555
7772
4858
5096
7023
2570
1250
6625
8013
7902
7923
3446
810
6689
5791
3451
7399
6184
7323
7505
1254
6606
1350
7690
4735
7402
2637
6892
7198
813
3092
6597
3973
819
2872
1059
2882
337
2476
7743
6257
1662
350
5457
1700
944
1291
23
1597
6591
7316
7671
4642
3505
6519
1372
4902
2081
1766
5310
2915
7074
2600
1137
7024
6872
5158
4345
2491
1768
552
1648
4046
7390
3596
2114
308
5241
1941
5618
6692
1215
2076
536
6209
5630
6000
3619
68
4396
6058
6237
216
1333
937
8081
4891
7689
3478
7673
863
1861
7056
4670
7002
5034
6293
4849
6155
4352
3935
5473
3162
3119
201
3745
5437
7229
4848
556
3392
7722
2919
7332
2474
5612
1049
3600
1173
6651
6235
4434
8033
1566
3078
455
1710
3316
3888
6529
887
7486
1760
5374
4932
2528
7017
4905
5195
8132
80
7240
7344
3442
7855
516
4385
4263
1067
7055
1598
2744
104
8109
1197
4682
3373
798
4720
396
3821
1351
4164
5446
1911
6932
6915
2440
2024
4995
5278
6460
7812
5508
7077
2069
3143
4260
6542
2225
6440
3554
7832
515
1163
8060
6792
2307
2048
4721
905
6409
470
1064
4000
7191
4996
5548
7851
5734
3586
6816
807
2092
3197
2645
7175
2079
7160
5535
893
1800
5994
4980
7394
100
3748
4462
6547
2248
5014
7384
477
6910
7537
3009
230
1740
116
6875
1160
2729
7232
5000
1414
4358
3876
2879
6099
5105
3456
3614
4342
5380
239
7019
7929
3686
4353
1437
2750
5144
4544
4911
7617
2618
1339
2030
5484
1520
1394
447
4450
3211
4485
3155
6763
1387
5875
5161
6506
4381
7363
7362
3364
72
3545
7089
6616
1798
2250
7393
2497
6674
4943
6411
803
5088
7110
6899
7445
3239
1452
607
7507
6001
1214
5824
7503
7573
3932
712
6024
2420
2583
600
6359
4472
4354
4535
6870
5543
4205
6331
1846
828
4771
7838
2536
1140
719
6151
7830
8000
7899
3179
7189
5784
890
2622
5551
3647
6923
5567
783
10
6937
3264
3867
2181
7695
1143
6631
976
3526
1905
8025
1147
4425
7014
5454
5078
5116
2939
6259
5687
523
6412
4356
6714
3559
6842
333
7898
6791
2959
7658
6191
5111
6207
6180
751
992
6928
2507
3996
323
6769
1659
8095
6321
4782
7741
2942
2642
1676
4357
40
3061
3416
6871
4072
3781
7981
6633
3664
105
2006
6585
5755
3793
2579
1255
3366
6997
1180
7745
1665
3591
7768
5902
2414
2615
1960
769
8051
1907
7149
699
4819
5254
2524
5081
2702
4187
4875
968
6035
85
6081
4004
7194
4958
5494
2364
667
6983
4047
5035
6480
4748
2736
8111
6823
1875
3378
7236
4907
3023
7159
6811
757
3232
5923
4176
1393
1693
29
1445
247
1144
5849
7280
1370
1348
63
4257
2254
193
1685
3002
7888
3468
1670
7403
118
4020
1993
4489
3294
4827
6576
284
1952
355
3243
1864
4894
7991
3757
4366
4514
4190
1776
2230
4150
2323
1102
4226
5917
4214
2746
6831
6453
6135
892
5683
3345
5759
4804
4130
3853
2284
2344
5950
7039
1747
6284
5191
5450
6399
1035
3910
6479
3919
6707
5229
2500
8122
4850
1954
8039
267
4822
2167
8057
87
657
5649
7266
5232
5192
4724
7435
2969
1695
5741
1963
36
1026
7003
1550
3955
7596
5333
4607
4437
2275
7746
3677
2320
7903
4859
1884
1308
2177
2718
6827
5505
704
6705
3087
4543
6623
2926
577
6953
7683
6223
8061
2816
4662
5660
4580
8129
3703
1081
734
6848
6926
5796
3515
5021
3588
3899
4131
2948
3615
5112
1369
6219
2236
2040
7998
2651
2296
626
899
4762
6858
2066
7450
4559
6333
5718
5026
6265
3976
2099
1898
2224
2535
3020
793
5377
1854
4709
7103
2862
7607
3812
3427
1280
7595
2843
663
3140
2653
2261
2077
3463
7121
2680
3012
1275
5175
2657
7359
826
5869
4994
4833
7978
7006
2773
3343
4481
7147
102
2964
286
3930
957
4374
949
3221
5859
1212
7889
1037
2227
2706
4806
1453
1890
4919
3971
8029
4300
3685
4238
4884
3108
5837
6360
2522
6108
143
5224
1651
3949
906
79
3450
3722
7211
5361
3255
4030
6039
2169
7099
4562
2327
791
1820
8047
7484
5881
453
3635
5017
4921
7964
4551
5558
5920
7816
7358
4229
4729
2060
7634
1774
5986
4025
3295
1122
6825
4242
7795
2757
3192
1207
5985
2210
6614
3646
3829
7438
3696
5678
324
5045
4151
5028
1319
484
4503
3920
7447
3423
20
849
6309
4273
1626
4863
4458
2987
4112
1711
5466
1039
1079
1327
924
7993
1357
5308
6271
633
5502
2032
5061
7205
5951
792
5062
6721
7107
6131
7533
1913
1430
5347
1609
2805
931
2202
5294
153
1332
5460
4716
7629
1326
4653
1217
3474
5159
2120
2163
3327
1451
4842
773
3811
3102
1830
764
7825
690
5663
5516
5768
565
3902
101
5100
739
1765
4083
1222
4809
1622
3499
548
4964
7246
2601
5688
2346
5949
7073
6970
1937
2217
6162
1386
3377
446
5921
2062
3538
1787
5541
2823
5312
4684
7818
1753
1149
6526
3477
5800
3484
2602
416
3673
1127
224
5820
4504
3458
6954
495
1237
8087
3376
3169
6366
3698
1580
5545
5572
5531
5568
5168
2367
6084
2748
5775
1276
5246
2506
6016
7731
4698
741
6302
7214
5619
7068
7456
3975
4914
3428
445
2853
1567
6230
6238
5694
235
7470
4644
6471
6786
2936
5955
7694
7158
6179
4237
1792
1562
2717
5666
2418
6023
4334
5478
5469
3236
1110
1929
5235
2808
7724
6759
2546
641
3977
3022
6141
1138
4929
2388
649
2126
5574
3461
1187
8068
6584
5009
3959
3806
3974
4837
3580
6743
7400
6206
3121
5675
7489
5550
214
1935
4746
1115
6866
6712
7530
1242
6509
6941
7837
5611
7506
3339
191
8055
155
4691
2539
3710
889
2201
2470
1114
6390
7302
2934
6381
3057
4657
3831
1612
6437
3524
8116
5349
5406
599
7301
6799
1047
7457
167
7127
159
5719
5057
671
8042
426
222
4043
493
2504
6469
3362
824
2771
1538
3817
2648
4871
5253
5415
2543
4707
4817
4367
3581
1635
1223
3943
5455
3516
5281
885
4690
3160
5908
3262
5672
6264
3783
4286
2946
4304
1395
1744
2463
2700
4189
1641
715
3954
5931
756
2465
6852
4294
4111
1603
3375
5953
1694
4277
7443
5789
4569
5978
3715
2898
4256
2004
796
3620
6300
465
5125
6682
5957
5892
1467
6170
6221
2683
2078
3679
846
1606
7114
7375
3755
3844
4780
6419
3493
6673
7618
7078
3079
6686
5207
6641
5130
113
6483
436
3448
3409
4893
1844
1226
3691
1969
5043
3035
3836
4388
940
1923
430
6901
1295
2244
6770
4448
573
7336
1152
7036
2312
4887
7231
1950
3884
2695
3016
4313
3305
1733
3388
3385
2576
3798
7221
5327
1920
1338
499
3333
3953
4753
7219
4922
7142
3986
7755
4039
5411
238
2788
6968
4062
2007
5344
5918
979
5448
571
7452
386
6595
2199
7557
5139
1719
6298
7178
2319
4194
1699
3230
6563
3135
822
7927
330
6066
5647
2453
6126
7293
6660
1878
3240
5676
5311
5896
760
2396
538
1974
2646
3882
7711
1198
4028
2263
7134
31
6947
1486
7349
6659
253
7536
6828
6806
5628
4667
2564
1702
6465
3231
7327
5706
6129
1600
1424
2585
3927
7487
1856
6715
3113
2950
1107
7485
7234
4495
6281
5292
7034
945
2349
4365
5071
4473
3266
4965
4118
131
3594
6426
184
3503
6920
3606
5891
1763
1036
166
5731
7822
7112
3395
3434
1343
3928
2422
7849
5299
2335
303
1162
7576
4080
6124
4645
5226
3356
5546
3576
181
6413
5655
3732
2138
3740
742
1108
5150
5022
5924
1782
462
6620
1466
6248
3290
3325
5972
3695
5762
6709
4236
2663
121
1585
587
6033
4912
2722
6867
1965
5163
724
3013
4428
651
288
1758
4377
1089
7677
7638
3287
5934
6326
7005
1298
4728
2993
1936
5736
3026
794
691
596
1962
7767
2767
4736
1925
8006
7383
6994
2326
5524
2532
5340
2360
4950
1738
251
4241
1706
511
1534
6839
4937
7299
5538
2018
3908
6998
3103
4658
6073
2173
7578
6772
7579
5984
1602
3425
225
3724
8008
6905
4539
6439
3410
4910
6498
5753
1099
5424
6087
6592
2439
5410
1979
6534
1210
1683
1390
7177
2825
1750
6578
1
1559
3068
1964
6517
3145
3815
5938
2374
7672
1849
2207
2852
1938
7130
3544
1238
1299
7429
1145
904
141
2288
7398
3312
2116
1705
5238
7852
5787
6507
2896
4078
1461
4788
6258
1426
7968
3535
1827
4801
312
1236
3071
3475
4208
1071
770
2578
7466
1228
2180
7786
4830
2016
69
521
1315
1233
6094
7544
4387
4008
2276
1742
6470
4774
4669
3386
7101
5852
4851
4159
1863
2937
1615
4036
4295
4348
1083
2593
6443
5976
3833
6779
5632
7463
2838
2518
5392
3558
4714
5867
151
2669
2019
4064
5987
4880
602
7482
4775
1504
7693
4844
4599
1284
6752
3033
4318
5345
5613
376
262
4120
50
5585
3321
551
7441
5474
1340
418
642
5748
56
3056
2249
3579
1270
1489
6370
1057
1769
7199
6192
5747
3487
6794
7030
7844
3154
3059
3739
3347
7757
74
2829
5167
429
7655
7224
6609
2339
7959
3640
3661
7686
1726
7949
3861
2023
1811
5275
3775
2995
5356
5967
7714
1271
7810
7719
4088
4057
4663
378
3122
7305
543
5323
5280
3733
3841
3408
1554
3237
2011
4553
800
1623
5797
2711
466
250
991
5109
5306
3361
6149
2155
1061
7294
5296
1934
5343
7821
3504
3393
5099
7926
5261
1433
6716
2624
1879
394
639
989
4109
1799
4567
4976
3759
3791
3101
7278
319
4285
6385
7938
7647
1479
2572
5227
3707
2538
3117
3814
6305
4337
1789
4664
450
6322
3130
3282
579
8005
6724
4593
8088
6394
1252
5642
1653
3758
2818
7
829
6888
5942
7253
3422
5162
6260
6447
7315
3168
2071
388
528
5989
5581
2551
8074
2514
3583
44
4800
3892
6346
7286
6254
6840
993
5336
6515
4742
7066
713
4730
5855
7930
718
1027
3426
3658
2361
4499
656
4808
3553
4532
7627
4992
3966
494
3595
4333
3223
5864
729
3093
2489
135
6194
6404
6958
122
1823
1862
4688
2390
4213
4389
8089
5836
8121
2128
3351
7800
5754
7274
2545
2289
2675
4311
2325
8112
3146
2368
4643
6535
4831
345
6083
5809
4585
7917
6200
4886
4128
2625
2213
7985
1478
1011
701
7794
3716
1389
3786
2446
7085
832
3866
1084
8099
2050
7058
4966
49
3651
5154
3189
5325
2596
2480
294
6442
4967
506
4413
6632
4272
5443
7283
7515
1947
7004
2235
1076
171
3006
6982
6137
6338
4785
157
3848
5652
6102
5835
5912
3712
2776
1062
2049
5522
4841
4192
2057
6478
5857
7307
7257
4093
2038
71
7432
6768
5346
2742
5954
6957
7862
5093
5974
6607
7007
3837
4081
2672
7709
3713
4364
2413
2984
207
4471
4379
5860
2375
6548
1218
6527
1654
6261
6668
2983
1618
2059
3080
6879
3218
5579
487
7042
6931
4044
4484
7569
5302
2824
7446
7715
1874
2430
2172
1764
8037
3613
5070
4917
2406
6060
2870
7064
3942
7070
6201
7813
1322
4738
2894
7522
5493
3007
2239
2317
2303
6150
5586
1701
428
7945
5549
3419
6459
7091
154
7751
4142
1004
1128
2962
1546
4933
4521
5916
6711
5532
88
2036
6408
3019
1113
3379
7594
15
6160
6878
970
4253
7884
2415
3065
2553
3511
5930
5403
6992
7510
7943
2271
5065
1129
7846
1411
4784
1514
146
1793
7493
6837
615
3854
5767
4059
1805
2277
6061
6647
2996
6417
3139
5259
2630
7461
7867
427
4031
8021
5742
4180
6722
4981
1260
2337
2184
4778
8124
4483
1933
2452
4840
4441
5133
1361
5700
3062
4415
6936
1545
4719
3238
7925
1468
1166
3788
6009
2395
2787
3868
7502
4370
6365
7265
4281
5704
620
1158
4624
2437
1547
3384
203
4723
5829
3110
2111
6989
4467
4838
8100
2999
4704
6055
4035
4466
2391
1241
52
3782
4696
2674
2664
2730
675
2028
7206
873
1244
7146
4659
3784
6282
6583
5482
3802
6119
123
7685
5357
4883
8044
4412
5698
1814
4126
4328
142
2953
5752
5120
680
358
3444
574
3025
3628
901
1982
6468
5842
1582
5127
1482
5126
7195
374
2807
6421
1678
1100
5763
169
5697
3050
7534
5157
6032
3644
3985
5793
6990
4939
2495
4656
5024
1772
7682
6948
6380
714
4810
4959
3341
6424
5047
2859
5316
3492
6942
255
1200
4138
1124
3249
2628
387
349
3680
2321
5735
5433
2726
4005
1917
2273
4766
2676
7892
3075
4554
7343
1822
275
2839
2336
5481
2341
778
3389
1085
5876
7075
7780
7853
735
3826
452
4216
4074
677
4518
7290
3040
219
7610
3253
588
2392
7701
3445
6593
4673
4537
7933
7108
4284
4546
4588
1919
306
6313
1973
664
5277
3188
5517
4382
32
4183
2631
2122
212
2125
2376
5772
2550
688
3417
1460
5208
4149
3449
7771
4984
3789
4695
2786
7153
7550
4792
1312
3076
2423
3254
4045
947
1681
5575
614
5802
163
2146
4010
5570
7491
6363
3120
722
2567
7641
7062
3662
2186
7919
7238
5592
6345
3041
2255
6638
5838
2627
5085
3749
6446
1213
6835
5402
3273
5236
1103
3540
5074
3247
3074
7514
912
862
7335
3773
5778
6276
7291
1838
7761
2728
5559
6959
360
1040
7261
5885
7774
6511
6956
2745
673
129
2156
1020
2911
5519
363
5395
5943
2640
7480
5265
5760
4298
2318
3096
5187
3903
391
4193
7918
994
7807
6977
5321
4243
2187
6758
6225
5428
3704
1579
5710
7914
3916
3982
2876
4697
2322
6642
1584
5745
5459
6991
6596
137
3714
1065
5365
5777
7760
4134
6166
7814
2200
4613
2098
586
3346
5422
366
3398
7391
5960
1718
2468
5903
4322
3694
1944
5005
1263
1519
4061
3210
1646
1246
7789
2445
4579
7558
3215
859
6680
4234
960
6637
5758
7580
6921
1737
1581
6243
1986
1558
5204
7706
6056
527
4772
393
1795
2252
7287
4
1018
6189
6328
1167
7602
5314
4069
3368
177
2431
4647
2666
1540
4882
5412
5633
3260
5297
2444
7878
2777
8125
8065
3941
2013
3746
3582
5086
173
5527
8123
4625
7381
5821
2334
3152
3801
4049
8115
5882
3842
3736
6622
1484
1211
1679
6182
4058
7587
1551
2104
732
679
4601
6549
4188
4108
5999
6615
7282
431
3947
59
392
5363
5267
969
158
3095
1601
4776
6729
811
7781
3293
4631
4944
7498
1889
530
5359
5523
1377
5264
1756
6063
4101
7908
4793
2549
4132
1995
7333
6565
233
7644
6226
4050
6054
5850
1591
7016
6720
3563
1203
7843
4139
2496
6204
7000
2516
698
5823
6343
3720
497
7648
4536
4985
5786
1300
2708
1703
359
2382
6052
297
4722
3896
2222
6196
6130
8034
458
7770
4752
1199
549
5826
4945
6369
7916
526
2316
4812
5721
3190
1375
5001
8070
872
1972
3404
8001
682
1376
34
2799
110
7386
1784
2160
5307
5214
8050
1660
3277
4380
272
707
4013
2835
6520
6186
7184
2783
1529
6790
2442
7143
4017
5807
1033
2034
3252
839
5577
4204
3010
7396
3785
370
2324
6541
1881
4163
787
8023
6896
4637
5906
7839
2226
7915
6802
4129
7405
6590
6723
3578
185
3569
4082
7966
866
2725
619
2858
481
3529
935
7931
7202
3031
6693
3565
6699
12
1939
2719
1643
4769
4223
6599
1077
2809
2281
705
7001
4578
6043
1575
3311
7700
1360
1533
5456
7440
5426
4790
7977
1419
1491
1803
6935
3191
5765
3598
6741
1119
7156
1475
6785
5421
6661
6096
6157
4802
1016
4589
463
8024
7805
7906
2309
3387
6323
6777
5886
1273
3810
3519
4908
7462
1637
7819
4178
5337
3508
2880
535
3845
5350
5540
5723
4640
7823
5533
2743
7924
1034
5331
3429
3465
1130
7474
1851
4626
3235
7373
6295
2594
3616
2191
3414
2791
5203
2929
8043
5928
2643
1169
3326
482
6778
1949
5177
1286
6701
5467
4760
2503
2774
4987
694
3158
7547
4249
7953
6027
5228
3893
1010
5552
1843
5530
5936
4789
3807
595
674
6516
7026
986
5941
609
540
348
6495
1867
6356
1959
4712
6213
7306
4198
1331
1832
1418
2084
18
7167
5221
8093
1698
1783
4727
2257
2868
2552
6978
6587
1381
1818
1176
4666
1523
2511
5090
5580
3918
2479
6662
3650
1807
2759
3180
3270
5583
6107
627
2072
5631
1125
8120
952
476
5463
1288
7584
505
3639
6725
838
3288
3204
5529
4338
7371
7518
3618
3689
987
2134
8076
7111
6391
2531
7546
4060
6740
4999
6168
2113
5272
3924
1421
4751
6199
2350
951
7420
7873
3001
4638
3163
5744
5248
744
1196
4561
4493
264
2477
4547
270
6152
902
174
2183
6339
2982
3246
7707
6833
1031
321
5907
1530
145
7639
871
1915
1136
3790
3764
1953
2168
5369
5476
3835
3780
1779
6105
5289
4938
341
5959
1656
5561
6950
5499
5844
6090
7620
978
1336
2586
7994
934
2741
9
5243
3330
6036
2790
2766
4542
2106
4403
1188
5919
7656
6241
6329
4759
7986
4175
5515
2533
7382
1707
3525
4608
1388
2073
2330
4488
2025
4507
2419
6782
4998
6398
8019
5260
1791
681
2932
4692
2421
6854
2162
1587
779
4262
3625
1786
2482
5408
3024
6648
4406
3097
6930
6434
4895
2827
2021
2587
6566
6109
1697
1535
3737
320
4055
7425
5680
2575
1908
6934
6819
7803
6125
7187
473
1810
1961
210
6669
848
4600
7817
1860
635
6924
266
4368
2
5039
6451
2698
6532
1596
1229
7560
6838
5817
4121
3115
4874
5604
6146
1427
1669
3532
356
3175
3914
4510
6749
6634
1257
467
4583
2154
3164
2256
4426
198
4085
3459
6229
4909
6148
4845
6007
3225
7057
2393
6407
7131
6574
870
6985
4596
3700
3349
625
3839
5848
3869
7018
727
179
3969
2304
307
737
5178
414
4577
5489
7117
147
1945
1090
3980
4291
1318
877
3400
2127
6965
6677
4227
3855
3992
2348
1663
7535
4807
4349
7464
801
246
237
5079
958
786
1845
911
3968
5405
6863
3970
6824
2014
4105
6861
8098
5595
7459
5553
1512
2798
5537
6728
2724
2499
3470
910
6015
4835
4617
1384
6114
4611
3144
3603
2592
362
1471
7874
2769
6781
3502
1053
8131
2357
7342
7478
248
2508
2920
545
2087
3413
6754
6269
439
3452
6240
878
2784
4402
301
3675
3602
485
631
7955
5313
896
1720
424
655
3822
1097
7251
43
6167
0
1714
3605
2056
5025
717
6918
7141
806
6133
2793
4090
1428
3527
3991
629
3981
3533
6690
1380
6671
1904
6730
243
7120
7259
7646
654
4604
3607
5816
3219
7876
3690
1560
7545
3649
1194
1204
768
5335
8092
6403
4002
5626
4973
6996
7804
2610
139
5237
7209
8016
5808
2185
367
4137
2589
8066
24
5725
6091
4564
3166
5211
6666
4288
2949
6372
1636
4091
91
2494
4191
6617
4341
790
7940
685
4767
5445
4440
1095
5488
4186
2475
7625
6267
4230
4715
5865
3172
6704
7094
1557
1680
1909
5360
2851
5341
8072
1928
4791
2363
7589
8011
1817
5491
4024
4558
2457
5252
4029
6147
7222
804
3178
5148
6558
6603
5140
4156
5898
5810
1507
4315
461
5036
3159
5119
1009
4509
5500
3090
5554
882
2537
6640
8106
361
1865
6116
4359
6734
475
70
186
5635
6202
365
7525
2137
5497
2039
1181
5073
5995
2892
4307
7567
897
1690
4820
1755
1674
7992
7063
4991
2064
5375
6456
5274
5933
7135
2529
6025
6301
3256
5453
1893
628
1589
4250
5653
318
3439
2293
4089
2820
379
4605
2053
4390
5569
2577
1677
4865
6946
5262
3944
3318
6208
6376
5539
4731
5737
6181
4828
7424
7526
5434
4161
1205
3176
1997
2714
5213
5315
2223
2930
1465
5389
5033
6485
6059
4628
1175
2089
8028
2958
2916
3281
8102
3183
7605
883
152
2840
660
4362
2292
2668
7154
5330
7324
7665
7183
2164
2505
6291
2548
1775
1806
1709
3044
1195
7049
3151
2110
5373
7875
2819
1617
6865
6040
1383
1762
3633
170
4174
5740
340
7893
5851
2103
7190
4949
3617
5142
6297
299
3672
389
13
48
1599
5010
2609
7289
1730
5564
2358
3165
1121
825
7988
2194
7971
765
7048
5622
2174
7511
598
1675
206
2108
93
4847
4073
3654
1886
1473
5937
1984
4805
8130
6804
6217
5198
1402
6161
5636
2107
2792
2132
2562
7621
4615
6643
2143
7308
2857
3399
7310
3728
3338
1324
3630
1494
4614
1249
4397
5922
816
6476
5353
861
3562
7216
4896
5320
3699
5108
4141
6077
1429
1190
5471
6296
4501
7262
5054
2957
2405
1727
7086
6798
8079
5562
3570
7494
6220
8059
7500
3032
1432
4490
2209
7907
4935
5925
8067
3956
562
4795
5098
7092
2466
6850
5991
6188
3901
4056
5913
6436
2678
1366
7351
591
4529
6652
1420
3360
4037
5965
4763
5761
1751
5218
2362
2455
1536
881
2847
2215
650
3184
95
6236
3754
1469
5376
6384
5868
856
7365
2935
2803
5398
291
311
3208
7250
1996
5181
6559
5076
1975
4329
7320
5068
7235
3314
5641
7137
3200
7140
5295
5063
2967
2026
410
156
7037
3319
7376
700
4872
4953
2650
1101
3923
4209
2129
3513
2682
3683
4794
99
5416
6964
6057
7210
836
5084
3324
2686
6986
2031
6636
3611
2313
3052
7640
5131
3546
4071
6502
4104
7946
684
2681
4523
4710
3972
4459
4931
1078
2517
7223
1240
842
2203
3091
1006
5804
7632
6691
7201
1821
3261
2299
5980
5138
2347
7272
6880
4661
7497
7397
2924
781
2208
3590
3514
4565
435
5205
7883
1632
3913
1342
2955
1239
5250
2220
2738
2864
6963
1245
4400
784
5900
7729
3766
2856
6569
2020
