7775
3517
7374
557
1629
2668
1538
3019
863
3867
1595
551
1648
7935
3476
2985
4505
2837
7600
5220
8003
613
975
6517
5107
3802
4734
5688
3401
3303
6908
4099
1420
5498
5003
1520
7226
4240
4291
8110
7603
5313
1717
3159
1730
3597
4937
7555
6765
7466
7659
3177
6188
2182
256
812
1521
6031
1801
2367
7674
6472
2920
632
7284
7140
4744
4581
4232
2433
5724
1329
4956
1015
6193
5416
7930
1008
7608
2801
1075
4620
626
6689
5612
3826
1372
6884
1200
6219
1019
4871
6439
269
7638
7740
2222
3946
7828
1287
6495
5792
3876
7884
5203
5430
3636
2116
6131
1903
1461
3092
3107
1917
7171
5782
2401
7214
3114
4105
1743
2680
4345
6395
904
5321
491
6246
3991
1101
5719
4656
1347
4235
6646
7220
7746
7712
1878
7789
7480
7310
6036
1386
1793
4089
173
5952
2031
7316
2163
2803
7571
6760
1087
541
1582
5469
1598
4511
6306
8058
6014
5366
7380
376
298
5441
5871
3404
6761
2261
3439
7905
3319
3952
2637
1345
1630
6217
2238
148
7027
7136
72
6797
4233
2899
4626
5553
4131
4844
1814
2220
6253
3055
7875
5085
432
4097
7934
2257
2184
7433
2848
777
6421
7860
4259
2539
3161
5685
4469
994
6672
385
4928
140
3670
3346
3910
3625
7099
7246
570
1014
3451
7625
3252
7713
3213
6008
4481
5583
3311
2850
6005
692
2029
6762
7646
7285
6969
4791
4908
3708
739
6332
6039
4241
5663
500
3808
7050
6926
3995
187
1269
6373
7060
3699
2103
3750
2062
1818
2926
6016
233
6429
734
2795
800
4364
7115
7078
4196
2267
8067
7726
1822
4271
7687
1010
189
4312
2337
4267
2447
8071
291
7817
5363
7520
7383
1649
3460
7977
7732
267
2458
3963
5149
2045
2594
6876
2385
5643
4988
59
260
5652
1485
1655
2765
3726
6663
4902
7778
49
899
1018
4347
851
7004
4588
7997
6753
1421
719
4652
3310
341
4199
6740
2754
8004
5664
3182
314
2559
1407
1710
2394
7902
5134
4221
4078
7803
321
563
2611
6450
6840
4896
5910
2565
3347
986
1348
2949
6119
5889
3039
535
3916
3207
6711
605
6817
4218
6124
705
588
2239
2428
944
2818
2266
8052
6369
4891
6195
3485
4224
7557
3225
6437
4910
5314
2357
6182
1932
2526
1836
3896
2037
5159
855
5211
4337
599
2808
2126
3929
1195
3105
684
7644
4141
6384
5731
6661
5653
6535
5345
7592
5895
7675
1080
6412
4895
7954
1082
673
1542
980
7389
8021
4901
6609
2869
1838
6907
4273
1304
6231
1308
3746
7888
6353
2742
2203
5142
4111
2929
4722
4758
1149
984
8091
1126
2663
7926
6292
7053
6471
7708
638
4535
7709
5799
5138
408
6651
7238
3367
4119
3545
5738
3465
5757
3452
4300
1973
6355
7654
2004
3676
7062
2898
7076
2277
4362
4724
5333
1508
5973
1166
2620
271
5183
31
7270
4016
4651
6547
5017
7590
4415
5625
6650
5074
6346
3282
2728
5795
7813
1847
5012
7160
3100
3883
7013
856
2106
6139
736
7134
607
7657
5140
1765
6971
6749
6966
7438
789
5259
7148
1651
2603
6392
273
5466
1142
866
198
3022
3333
2775
2709
481
733
2572
1298
7846
3209
1406
7874
8115
8119
5604
347
3025
3232
6121
2188
6388
5372
455
4752
4659
5367
6798
6594
4328
600
7373
4021
1056
4417
1925
3731
1547
4793
6172
4913
2809
7673
791
102
3469
5825
7116
712
427
795
1143
546
4058
2618
7104
5511
5216
5112
5467
4865
3543
5842
5746
7382
7645
3588
7995
7541
2198
3178
4714
4534
7558
3380
4414
2875
3724
7341
3435
5675
1173
2376
5858
3822
5382
891
6718
5561
4025
2702
2434
8088
4392
241
4609
2760
7602
609
1373
4261
2719
5507
2464
589
2950
4391
4610
2659
5543
1157
2145
4704
5737
3915
6422
5533
6400
2276
4486
4803
758
4098
6044
3953
6239
1820
2748
7699
3434
6942
5237
3247
7491
2518
1796
1751
2444
877
2085
6336
852
1437
3483
200
7984
4985
7358
3981
5198
1313
2714
3613
1235
2280
2143
4102
6683
90
5859
3254
1254
4351
1032
3065
4900
5072
6072
6178
6780
76
1426
3601
1641
6533
5068
6444
836
750
6737
894
738
2144
4739
2711
7201
4597
77
5501
2851
2963
6827
982
4960
4809
7871
5030
6047
6582
997
5998
5160
6334
6242
206
1486
1092
108
4727
7009
2328
326
2890
5339
6511
4764
1893
2098
348
2649
3175
5026
1924
6652
4683
6061
6524
6838
4012
4352
5190
8131
4761
3753
6889
562
2306
3648
7544
6058
2487
4244
5828
7671
4172
4627
586
2140
1184
3705
1597
3520
7910
6599
3695
1260
40
5386
6113
428
4733
4299
4270
6910
2313
1330
5315
426
5630
8006
5437
7946
3137
4046
1390
1501
244
6928
6974
5739
5624
7468
2191
3930
4646
4754
3353
3716
4127
6773
2315
2588
1168
5440
257
5231
3938
5043
5429
8113
4905
3477
4103
4907
422
5588
3801
1638
4800
7386
1163
2172
1148
1699
5834
1896
5119
723
239
6428
3649
3556
5661
782
3600
7908
288
3798
6293
1404
1247
2925
3744
5536
1760
1673
435
4943
1435
951
7227
4444
3578
58
2860
6799
4753
7556
2500
5951
4373
2213
2305
6358
4866
5672
2651
6693
5826
1892
2134
2251
4225
3873
3179
1198
1810
7348
3245
6404
7755
5285
1517
924
5673
4028
4653
2584
5323
3035
6858
5628
1005
4040
1495
1275
1405
2767
3024
4381
6103
3567
1442
1940
4524
5194
5364
1879
7790
1998
3145
7397
3790
274
7286
2416
3144
1575
4590
5255
7021
844
473
1105
6810
1300
3445
947
6379
5829
3266
7186
4885
4182
572
2904
4889
5210
5751
5156
3598
2170
1438
6638
1830
2707
6824
3886
4187
773
1016
2413
811
7343
4464
1926
2187
1972
5401
7725
4890
7223
3874
2839
2225
2453
5752
5116
7210
4471
5265
2017
5477
2092
3342
2688
681
7267
1432
3536
2216
2232
2669
2896
6288
5822
5676
1865
5340
4861
3631
5943
3240
4279
6484
4303
3628
7117
2965
957
1535
4213
5690
6316
5892
6179
840
1457
5905
5130
1755
1829
7542
2910
6790
7800
1158
7665
154
534
4955
1930
6960
4681
1554
532
6479
5665
5639
6859
1591
8097
6512
6499
5154
83
5779
4195
4648
4413
6589
6750
7208
8077
2425
1681
7446
5192
7419
4602
2033
5013
1605
5502
3852
5991
4529
4989
5680
7965
4911
2042
3634
23
5049
6212
1232
498
7680
1993
801
5370
911
3368
2966
2479
7816
1454
7706
5434
5754
4171
1326
1363
7865
7309
6078
6290
6825
2727
7432
337
4474
3121
6181
1104
378
5541
821
793
5053
6497
890
4870
5080
5534
3530
7622
3566
6431
2999
829
2258
3041
799
2195
696
6508
7495
2311
5021
7920
2400
2928
7737
3248
4711
508
7448
727
5483
6808
7771
464
8118
4290
153
1459
5145
482
6970
7379
2568
5135
3630
2607
2392
6093
5896
346
172
6978
6713
142
785
6654
918
2635
4778
7741
6668
3507
3384
3881
7773
3021
5908
2329
3671
6885
3127
6167
1727
7056
2548
5127
6612
5750
3122
2060
5454
1706
3516
7939
1802
5638
1502
1134
4280
1120
7269
114
3555
5288
7999
3157
1927
4804
4949
960
5368
3290
3348
3215
1190
622
3653
3832
2945
2915
5407
2077
6720
1543
3884
3501
6852
4636
2040
2109
4616
5979
2369
6897
5933
1537
7110
3639
1617
2210
3010
6155
7809
6098
2884
7165
5587
7483
690
934
7885
4964
4042
7403
7710
6610
3335
8064
515
3420
2815
3125
4181
4575
1976
648
2459
7519
5788
4794
7528
7515
1844
6728
3238
4878
4361
6586
5525
2227
3623
1635
2881
1656
7355
6122
6845
4756
679
1842
3748
2158
5946
3688
8039
2886
7677
5753
3687
3130
2731
1091
1335
2075
3603
1753
1608
1353
6207
4013
7698
6752
5848
1114
4307
4286
5460
6396
4886
4993
2343
1712
6007
5079
926
6862
1395
1529
7346
833
5586
3700
5613
3773
6323
3851
2099
5481
6494
3075
849
2523
5725
3383
2208
414
6828
4639
4329
1187
5806
4238
6062
2141
1069
908
82
2083
4285
1185
480
1578
3513
1599
6909
5839
1064
5262
3108
664
5762
3721
3285
1425
1094
7437
7852
5978
6362
1314
2235
7580
3534
5241
7868
2670
1512
2449
7523
5268
3713
1526
2110
4086
955
6697
5767
6805
7568
6034
487
2472
5711
5770
4510
159
5421
3318
7481
1627
7384
4678
4156
5809
4811
4230
4167
4084
3908
476
2291
1360
5100
2813
231
3690
927
6835
4501
1217
4707
2641
956
3849
8072
1882
7928
2510
1747
7576
4566
6143
6688
6446
576
308
5037
4407
4697
3385
1952
441
3272
7952
2998
8112
222
601
3902
886
2490
4229
7289
7633
2081
5343
7691
3358
7177
4157
6744
1193
3947
4020
176
1716
7311
6946
3155
5744
3518
2288
5879
4339
6500
1704
6238
5891
7553
3128
3099
3293
3703
6933
7745
168
6620
6784
6488
3141
1229
3162
2011
3664
999
820
1631
263
1846
3269
5048
6277
4938
3257
1500
959
2936
5325
5549
5654
4732
5202
8122
6296
4198
1277
7407
3838
8024
8095
467
355
2777
119
1871
5398
7876
1112
2770
1054
636
2056
4751
7292
425
7904
438
3711
2131
3372
4018
5291
367
3784
8100
215
2219
4663
1214
2298
2132
3901
1696
4039
3493
4840
5655
4015
2878
7718
4331
5257
7692
5970
3561
5898
7900
32
5301
857
4317
6767
7211
3153
6227
8015
4944
3486
5058
2268
6449
4615
6922
7825
7072
4669
1231
7314
1785
1786
7964
5413
6883
4475
1382
8002
1764
2791
687
3427
4703
4151
2501
5904
1568
2327
5830
223
1414
1199
5781
2164
3982
5389
665
1011
2868
4051
516
5461
7442
118
5837
11
3682
2196
6849
5930
6871
7187
4064
3977
842
4421
6185
4466
3227
112
1974
5885
7154
1415
2658
7351
3535
7412
3647
6235
1062
5249
2836
6505
3090
8020
7209
4162
2230
4700
1596
6686
3176
2244
2849
2022
1821
1171
6528
6778
1401
3895
3864
3236
4728
3166
6758
4135
5509
450
5500
4518
4441
3204
5287
6040
5631
7002
4580
4463
1979
6562
5756
910
1122
6282
7549
6443
2797
6781
4781
4825
4926
5836
124
4525
8130
730
7943
1071
3959
5115
2285
129
6361
7962
1566
6112
85
6091
6425
6263
6658
3498
5687
5059
6050
7742
979
5273
4746
6520
3338
5472
755
3291
6002
7572
1182
3709
3635
2477
184
4002
1580
7752
5748
7827
2909
2617
1653
7396
6543
4561
5280
182
7352
5446
8070
3747
5925
360
6834
7949
7381
6634
1686
8098
4578
6469
4788
6156
4637
6420
7679
6699
4382
7464
6364
2827
3552
1088
5491
3487
4952
7493
1001
6224
1453
4432
5193
3168
1323
5853
5324
4237
2484
409
2626
3283
3733
6944
5758
4749
2493
4591
7174
5182
6052
2747
7417
1057
7339
4242
505
2793
2161
4546
7090
6438
2939
1093
4009
6987
3805
732
6706
1977
3624
328
7663
3830
7323
3400
3558
4736
2497
7416
1636
1111
2511
6649
4784
2683
8013
3389
444
506
4579
8005
4576
3706
4369
556
594
2095
458
4745
4852
2889
3489
6317
442
2322
7776
6375
7895
3392
2935
3003
4941
5270
3508
6516
2338
4499
3770
6868
8107
1916
3443
7404
5232
6310
6789
4295
2494
4360
621
178
1310
7003
2814
7463
5099
3374
1265
7476
3147
4670
1795
344
867
6590
6603
6366
3740
7794
3416
7537
6642
3993
1270
364
1422
2202
3473
7308
1303
7833
707
2082
1174
3295
6088
4661
1766
1476
5356
4055
818
5942
2365
983
1388
581
34
7239
7229
7676
1124
3925
460
5955
3860
5873
3655
5155
1470
5505
6613
1441
7049
275
3551
2450
5494
905
4010
827
6079
3017
3171
5353
5966
7475
6385
6464
1290
5125
2724
60
5282
299
4947
5248
2489
584
2274
5133
1022
3249
7272
7471
4857
2551
1189
4798
3771
1043
6322
5018
2817
2422
6408
2586
5226
5938
8062
402
3797
3345
7305
1411
6498
5703
4492
1825
5983
4582
3696
6682
315
6152
7821
147
2175
741
4088
1742
1816
3326
3927
1561
2882
7112
3939
6120
2320
2962
3481
5920
7832
2054
4404
1975
1749
1995
3004
1256
6973
2125
7749
1354
6256
8007
4677
2442
3595
7923
3519
3195
3276
4459
3470
5508
1146
1497
2901
985
1351
5521
7108
1922
5471
7662
3043
5008
7744
5882
6279
6503
3412
3425
7059
7642
5771
6175
7113
3454
384
7689
3196
107
4272
3146
6976
2575
5457
916
7188
5086
7265
2944
7641
1466
1904
4323
86
133
4134
4061
1518
3580
5749
3954
5436
3914
5439
2018
5239
3672
57
1349
5695
2666
2972
2830
6274
5922
3657
4690
2757
1017
5449
2259
731
3086
2443
3789
6433
3378
7559
2740
4308
8025
6931
7241
4123
312
2086
5076
2366
3229
3109
1866
1570
2537
7081
5092
3737
7047
7845
103
6902
6631
6013
4160
5775
1658
5104
1536
4390
3418
5036
1369
644
2142
7599
281
5728
530
4231
5201
6272
2938
7814
4334
3321
4365
2129
375
3332
1886
5947
5488
945
4608
249
4316
7024
4246
7844
1873
71
5790
2700
915
2183
3057
6187
5542
4882
6695
496
1364
1804
3846
2354
3185
3989
3133
6794
702
771
128
7298
3056
861
43
4154
4416
2525
477
6627
7233
2756
2946
5768
5349
1965
1956
1899
6447
2041
339
8011
2496
333
1934
5215
5423
7487
7566
1941
3299
412
423
4314
5465
5934
3218
2876
8028
953
7650
325
492
7584
597
3433
3800
3494
2124
573
6434
7636
3344
4516
4072
7735
7546
3778
2088
7118
116
6691
898
4003
7678
2304
1906
513
1362
6203
4624
4577
4973
296
2271
1852
7141
5175
3106
7436
1693
3645
6022
2893
4917
1625
5453
3132
3549
2741
1446
4942
5614
7704
1711
6869
4884
521
5126
6372
1740
7347
7838
8012
694
6725
5965
1140
3571
1410
221
1863
2823
7319
2351
4363
5516
3388
751
1503
324
48
7301
3865
4257
792
16
2097
2087
1279
6708
3940
7274
2877
2398
7019
4983
2567
2547
2241
2619
1377
6961
4206
1726
7327
5987
4974
511
876
2001
1626
2080
195
5489
2686
4298
7315
2273
6371
7203
7948
469
2068
1328
4116
1029
8044
3775
6194
6628
6544
46
1307
6406
3675
6312
7866
284
1601
6151
219
923
3870
5332
3376
7551
7498
3014
1891
6111
864
6206
5985
4992
6045
63
2505
4082
6463
7955
7191
7122
5073
1606
689
3422
2520
676
1219
4585
6592
4305
4821
1720
4104
3783
8063
4133
5601
6245
3970
4067
7653
2673
4991
4023
1067
6622
5350
6351
5010
254
6424
3978
3795
4755
6454
479
1123
3878
190
3968
7163
5698
3381
3576
7268
2829
3842
1782
5700
2873
3230
1877
786
5923
3591
675
2726
6106
6057
1671
5969
7967
3031
4954
3244
3199
4716
2988
6771
2914
4431
4883
8108
6992
2059
2820
53
1894
577
6474
580
6696
5338
3618
3661
5188
4143
7008
2697
6241
6788
115
366
5223
4583
3102
5380
3573
7530
1978
6441
2347
5936
7643
5486
3279
1921
1531
6326
7847
1923
4887
1525
6806
7878
766
5087
109
7760
457
7715
7634
7439
1074
383
5396
1660
420
3863
7074
5419
453
400
3009
5452
4618
5776
2421
349
7011
7363
6670
3909
3722
6870
8096
4354
5004
1055
2667
1160
4594
5888
1261
2089
1427
4628
5060
6501
4079
5874
2865
1613
3113
2466
2396
2994
7820
6467
7043
1763
7950
6704
2211
7215
7038
2671
7430
5927
7444
6730
3253
7903
1616
3921
616
872
1376
6577
5197
832
2440
5868
7132
5579
6027
4144
131
7101
7806
4500
8053
805
1579
1619
5784
252
2704
4174
3110
7413
7131
6529
1919
4828
2846
6286
5152
668
1563
781
4487
1593
381
547
938
2242
1587
6338
1206
5656
4438
1030
120
6345
4849
7414
7401
6073
2996
6678
952
3646
5094
5185
7637
4980
5697
5105
1249
7061
7869
5637
4625
1375
2984
1628
3857
2533
3357
264
2359
2381
1736
2055
7824
3424
1047
1471
3029
1191
2064
4969
5172
2424
3078
2117
2528
7146
4355
3897
1236
6815
6896
3727
6150
6097
174
6068
3541
2301
7460
2260
5545
7151
1339
6252
1341
7391
5791
7199
1996
4685
611
7947
6435
8069
7065
5988
7786
7758
2309
7338
5911
4325
5496
5122
4488
7658
1481
4248
933
2179
1044
518
5165
5474
7356
4026
1900
853
7195
804
5793
7759
5972
69
1666
2762
6090
2544
4521
3792
5117
3654
2992
5293
7322
4621
4326
5574
517
1282
6588
7063
1694
630
3069
4226
7494
3011
7836
3200
4268
4971
6812
6938
2577
6017
6558
2050
323
2639
1150
5131
2979
6715
6905
2027
5610
94
5863
6822
277
5121
963
540
4682
4114
2373
7719
2262
6917
4378
5657
7883
5872
6409
6949
389
4932
3837
8047
5742
5726
5935
4145
6684
1238
6843
2706
3174
2446
4472
5394
2402
4433
964
2587
3900
2014
1352
8035
4785
5720
3362
156
1003
831
152
6608
1129
2105
4644
2685
3994
3662
3667
2819
1721
6818
900
2973
5658
1289
7513
3098
7929
7648
3379
6904
5968
3457
7621
4762
4702
858
5894
7388
4178
3950
30
5404
3584
5005
754
95
6786
2975
1581
5740
5163
5006
3604
3000
8046
1770
2960
5176
6979
7225
1255
5168
2922
3602
1824
1950
229
6723
6222
6874
5463
6001
7263
2597
5281
2761
3861
5651
6911
1284
374
7974
7911
7461
8051
698
7497
6004
6540
1831
228
2028
7354
5206
6271
5867
5557
6860
1715
6700
1321
96
1692
7988
1451
2284
497
4827
5233
549
2178
7283
6802
7103
4731
7526
3934
2411
4455
3233
5745
471
2790
713
1551
4996
7350
4440
5855
6146
6929
970
553
4818
2053
5669
884
5103
5961
1211
4654
3663
2699
578
3241
6291
1251
8038
3629
672
825
1040
5091
6342
6912
2038
3732
7365
3948
587
3760
647
1118
7858
6531
8102
2579
5901
132
4568
753
2557
6343
5306
2589
6390
5027
7370
3962
6402
2512
5764
2467
5040
1983
6419
708
7302
2516
3464
1318
313
2474
4083
6418
4912
6787
8022
6041
7068
3334
2094
5518
1774
5164
5475
2111
3278
2521
7615
798
6581
2580
973
7000
489
2214
2698
6092
4496
6584
7979
7173
6186
4397
748
1944
6578
6319
6846
4498
3502
6276
7261
62
3665
3365
3728
2194
2558
5735
93
5684
7672
5929
6211
931
3101
3701
4037
7724
603
1336
3526
232
1141
3594
1444
4730
2326
1946
7837
7753
1540
7175
65
8014
1888
78
293
7088
5683
3140
6108
5816
2627
8000
1982
5061
1130
797
2032
2438
5921
2710
7890
5865
7552
1025
4019
1452
7435
3559
4462
7441
845
701
1103
631
1053
4282
4614
7728
5480
2405
6163
7465
7670
2672
7176
7143
1549
6096
5840
4035
1618
6837
1027
306
2694
2536
5292
2318
3002
2243
6448
1186
7375
5576
4771
3568
4748
2287
272
1639
5616
3364
5528
3570
2417
4022
6965
728
6307
2955
1687
1119
2842
3944
6641
617
7944
2822
6261
2460
582
7766
972
5057
1833
5088
3785
5691
301
317
718
4506
4436
2956
4149
747
6445
4074
6115
4851
7145
251
5490
7044
3330
526
639
6192
7005
2514
2090
5495
1038
6440
2346
1506
8086
1586
6304
3971
1733
1890
5529
5344
2383
3527
7966
7138
4161
6836
543
5487
4977
6142
1222
5136
235
7819
2932
2843
2987
4802
2549
1775
7130
327
5397
6829
1204
1409
544
5025
1400
5355
4750
6455
6820
8129
2015
5054
6465
6324
1705
1812
3079
7168
4667
7390
6959
205
4370
88
6705
4400
1832
5022
5780
729
8083
2205
6551
6839
5179
3966
4838
1614
3320
2036
4007
7453
6010
2451
3693
7961
4004
7963
902
1201
1731
5284
6125
2986
3796
5607
6202
3933
7613
7158
7835
3658
2364
7418
7791
4034
1274
6251
1615
3803
3023
6659
1564
2012
2427
8033
3820
7655
2661
7909
1315
7251
4601
3350
5537
2591
3421
4976
4189
3210
6337
5070
4274
4460
5789
2883
7281
6340
4688
1623
2978
2802
686
519
3983
1920
7579
4847
1913
6130
3619
3579
977
875
145
3725
3351
5732
3715
1797
7325
388
3557
5547
7784
7400
7841
981
4277
6777
3450
80
5804
4982
2908
3585
2463
7402
7589
2745
5081
6977
868
1248
1817
28
2968
693
5225
1368
502
3160
2299
3894
6470
591
1285
5504
6519
568
5141
465
6967
2390
7853
5831
150
3051
4915
220
2157
656
2388
6721
188
680
4427
4428
431
7840
637
6993
1072
3407
7618
8040
1567
2845
2677
2297
4863
7170
3957
3911
1246
1610
6477
3037
6149
7973
2519
5129
6687
1394
595
7705
1492
4831
1522
6951
560
8031
8041
5727
111
4176
5609
7114
4217
5880
2006
761
6510
2065
1319
7294
8132
5153
3491
3150
3741
3432
7856
7969
4972
7626
167
197
2127
7733
770
2927
2957
3522
7873
1992
3343
3528
1002
6982
100
4289
2786
7538
6049
4115
3123
6043
5975
2168
6383
7607
97
1125
1823
6168
615
6937
834
2079
5250
2307
7780
4234
2621
7958
4888
5169
7701
1545
3307
1226
4495
7020
1396
4929
5459
3103
2643
6947
7611
7795
1968
3397
794
6265
33
7565
1678
1560
4978
5766
838
6611
6943
7510
2792
5289
6166
624
1077
2389
6491
279
4449
4603
6197
3339
5827
7102
4715
4813
81
4555
1228
7956
6481
66
6513
5261
5180
5967
3577
1835
2391
5195
7980
2057
3377
7329
6084
2330
3924
4645
5351
1728
3621
2891
7971
7295
2657
5240
2810
3382
6489
7918
1413
4695
699
2781
2556
4997
6739
6850
7257
68
5760
2193
4737
7859
3277
3403
2439
7913
4657
3515
4595
3256
1084
1676
6295
4631
7504
7073
604
6669
896
2483
7796
2342
1210
7848
1178
7681
3301
4476
4405
6012
7244
6269
5578
3088
3456
2930
5042
7100
8116
1197
4029
1212
7617
7193
2292
5512
5554
8103
1133
7632
1271
4726
6308
398
6841
6037
403
2455
452
3763
1504
4850
6542
625
1391
5733
5798
4934
3237
6101
2100
538
5721
6386
3776
6958
1758
2078
478
7069
2372
2729
397
749
5000
5560
6240
6257
55
3208
7924
643
7893
2532
7260
1657
8075
7408
5442
4358
5778
6924
7142
4553
2725
6935
4961
1151
6407
1337
6530
4799
566
5381
6774
4287
6857
6747
6401
5636
7051
3565
1787
5330
3739
166
5200
2530
79
2482
6020
4215
1460
1399
1985
1424
5513
6035
7901
3054
2885
1113
2662
276
1826
1417
3809
1621
7377
4556
2009
3063
6311
4031
4822
5912
5139
7228
8030
6546
954
3806
7772
3221
5941
4633
6712
6368
4383
4056
261
2689
5034
1170
6710
1489
5276
1999
2114
5558
5644
3853
3251
3402
4837
3967
5109
5357
2840
6327
2605
6053
4630
3129
73
4485
649
6380
2970
6918
2722
1344
606
3714
4777
5298
3532
7700
1213
3242
6460
2039
4155
3586
5634
5151
1674
1511
7304
2457
6574
7362
1273
3572
4984
5765
575
433
3691
1136
6055
3479
4599
663
2933
6606
7585
6248
1483
5693
2319
146
5772
177
3436
6764
5448
5428
6229
456
2744
5918
4346
7834
6521
1083
2223
5290
2206
6413
6879
1023
2826
7897
7334
1288
5402
4712
1194
6677
4401
7972
887
1515
6426
2824
987
4786
7503
1778
4757
1702
1943
5845
3226
7452
7006
998
6109
7666
2462
8081
2393
3442
1455
2200
4319
5118
377
2263
7781
5538
1484
2201
2237
1138
5886
4836
6183
4451
1068
2323
3180
6601
4834
4388
2541
2070
5329
4278
4773
1745
5618
1864
4916
2794
988
1647
6831
2408
3020
1789
6811
2229
5484
539
175
1565
7431
2047
1439
922
808
5299
7278
6427
7782
4386
7596
4341
6766
5385
4990
7320
5266
3472
3093
2735
740
2546
3243
6560
7084
8124
7914
4527
5047
4612
7529
3514
1402
4673
4120
4841
6972
7328
1097
2147
5953
4014
4512
1881
4024
3006
1397
4108
5532
650
4258
691
558
7200
6060
2485
7822
365
1107
2732
1463
8032
7808
6025
7722
6702
7119
2645
4592
6985
7256
7387
1479
4338
89
7525
1041
6615
4461
6566
5308
2035
4222
2384
6174
4448
4543
4166
4121
5124
5029
3757
7593
3314
5447
775
5415
7628
1640
996
1024
3525
3264
4936
5455
3758
4845
3302
745
25
430
1431
2892
3942
171
3496
135
7647
2701
436
7273
3765
6414
3616
4808
2185
5199
593
9
2148
1153
7970
7990
5707
1078
6502
871
4873
5755
3538
5331
4816
7025
4824
1253
7030
3139
2650
5730
1312
6038
585
7185
7425
3546
2445
1264
6315
1790
4465
2171
4059
2887
4253
5217
1325
3767
5928
7697
8054
7
4671
5295
5425
4867
1588
6833
5915
7249
7484
7933
3906
7927
5326
1081
574
1856
8127
6626
2576
2971
3016
7763
6262
8018
2150
1070
1474
6875
6302
3862
3156
2708
1732
3903
3816
2656
463
737
914
5251
1513
1662
1860
483
8048
6643
2739
3325
4858
2755
1907
1788
6077
4675
2958
1901
662
5909
6377
1637
5821
7570
6832
882
4855
704
5571
3810
345
3626
1128
7694
5881
390
5066
6782
2452
1004
1851
7685
7996
5884
6916
2290
7469
4782
774
6842
2429
149
715
6314
4708
4147
6297
4806
4520
7922
671
6756
4060
885
2552
6198
4914
6593
5167
3888
7035
454
2721
1737
6493
121
2916
5374
3028
5032
7656
7540
757
5986
1867
6
3441
7423
1221
45
462
806
7288
2924
6094
258
3089
1379
7406
5162
3553
4795
7738
7349
6147
3533
659
253
4833
495
2473
1322
3848
6506
6514
5493
282
7093
1783
3593
6734
7812
3478
7486
3782
4923
3843
7792
6117
416
5577
7533
2703
6318
6548
641
5851
2378
596
1990
3349
8037
5161
2101
7162
5647
5150
98
930
5679
4921
5046
619
6595
4531
7488
5390
7872
7324
3324
5392
393
1688
3669
6330
5157
4304
6990
967
4720
1612
5328
1819
5994
3070
612
5803
2805
7299
4940
2199
3341
4310
3582
208
1311
1433
550
4446
1792
7605
3085
6283
2880
5603
305
3779
6945
895
6110
3531
7785
520
7739
3273
3203
1280
1652
6003
3907
4642
608
7336
204
3500
3375
7562
1389
4071
6732
5605
3819
2073
164
6173
5065
2602
6986
5336
3206
1571
4122
7473
1342
3777
1700
3831
4573
1553
3759
6249
6636
5067
4763
3316
4933
2295
4759
3841
6356
64
2959
2780
2480
2069
1177
2192
2863
4560
2130
5247
2517
7022
334
5101
370
6504
978
6550
4128
2636
7975
4318
3191
1957
1218
5443
4558
6863
3360
265
1299
1722
2954
1718
1381
509
399
1320
5937
7850
7985
2969
7152
6809
1679
4048
5591
105
4322
3958
919
1527
3268
6559
6100
4640
2862
6748
1556
6260
2410
3067
2585
2363
5450
4586
3363
2564
1317
2375
3679
4674
5812
4805
209
7891
4394
4687
3992
790
2522
6757
2942
5170
7017
4091
2834
2431
4981
4332
6487
211
336
6791
8109
4124
2409
1316
658
5320
3643
5974
1915
268
764
4027
993
559
7614
7296
5949
3659
2465
1690
3096
6719
3061
3681
6602
6083
2233
5090
445
4113
2331
6772
4094
1709
4766
4333
7450
3794
7360
3755
7485
5540
5438
7994
7259
7159
6473
2844
3013
1558
1416
1534
7522
5997
7161
3104
6216
7799
536
5432
4146
7172
6541
2610
4930
3317
657
1905
448
4243
819
4409
3640
3730
5035
7318
2508
1769
2993
3437
1440
4538
3980
2905
2051
5841
5705
1180
7877
7578
5897
2344
4457
1037
2119
674
179
1936
4684
3844
1539
6707
2676
2931
746
4477
5514
1689
4541
1748
4256
3296
4169
6724
6742
2866
3590
7548
3813
6915
3284
6161
1085
5820
3926
1244
1884
1447
2692
6266
6983
361
6204
6011
6123
5777
218
123
6639
6015
3313
5238
4787
6880
4864
3466
507
7564
6089
2020
1039
3918
2167
743
7535
3126
3459
7750
5360
238
6680
2838
1263
186
3426
4776
948
5611
3912
1327
7449
1909
1876
3444
3246
2414
1677
7606
1622
5307
2507
6591
5327
5843
6417
3297
5075
2900
7861
6259
6129
332
6690
7213
7668
8087
1954
5497
4269
1898
6729
7287
3503
6624
4820
6135
4142
906
4551
6618
470
4709
5962
7478
7331
3807
3405
3734
1042
4508
4236
5269
1340
6557
5982
4880
1205
6284
3261
7879
1155
5218
4296
6703
4118
7989
5786
5995
2340
3965
5503
1049
2034
5640
2776
1514
4530
151
3772
1237
4389
3235
2159
6196
5600
6208
4153
1959
5773
6476
7986
6906
3917
6170
4375
1007
4281
6962
2769
3893
4011
1220
3855
7682
207
590
5597
4220
2293
7661
4877
5253
5734
6475
5523
7870
8045
5681
1209
4489
234
2096
3821
7451
4503
697
7014
6367
1507
2811
1346
3788
6803
3074
6285
4696
3920
1685
201
1849
2852
8093
352
1813
7561
2524
1945
936
6536
2221
1164
7032
3560
3607
1928
2270
6028
4429
1798
6153
4545
5409
634
4125
666
2498
6570
653
1809
5098
6518
7521
6621
2048
5939
7547
4301
7635
1291
6389
2569
3996
7751
7235
3080
6180
1418
1305
7282
4554
1283
3575
3154
7524
7511
320
6890
35
7107
4193
3835
1633
2976
5
3084
4662
130
1951
7364
865
5166
3712
7717
4344
1887
2436
1350
783
2712
2236
7894
1962
2542
1475
720
5274
2983
5106
5473
1132
7058
4368
4922
5617
285
523
5144
2749
2632
5319
5400
5478
1933
3288
5384
3328
2123
3804
4192
5093
7754
5039
1645
5020
962
3394
7462
4775
6233
351
373
2190
1127
4968
5222
2630
5050
6496
405
3142
788
3745
1757
3828
1033
5181
2940
4839
3756
859
5620
2382
15
6569
3359
7184
50
6023
1469
6299
6033
2855
995
7587
5599
6459
12
917
4927
6294
7026
5322
4403
7640
1079
4826
6267
6066
3523
6105
7829
7312
382
3398
139
3274
966
1935
3005
439
7686
446
5963
1156
2173
6080
3574
2013
1931
2128
2052
2074
4044
742
6526
1175
4045
18
3589
7094
3845
7443
1073
2407
4875
2534
4881
1524
2566
181
6410
5573
5957
6160
6348
3331
5476
8010
8078
7882
843
3704
5878
1794
1398
1131
6759
494
767
2250
6813
193
7937
8065
5817
5316
2737
7206
8068
6776
6209
1544
7892
180
6230
4557
4008
1961
1858
3871
3
4450
6600
1600
1338
7906
4148
1306
5279
368
1634
7730
2189
5311
6667
710
369
5347
3366
7001
2723
3040
565
4140
4919
3825
4665
5899
2278
1703
6453
6138
6164
7482
4353
1343
6268
6873
2358
525
6630
2350
5520
8001
6553
901
3524
7067
3854
5659
7036
225
3606
5393
7293
2593
2151
4572
5964
7823
2316
6154
3052
1393
3033
4411
1752
6127
2982
5635
2399
2941
1661
6927
5205
4283
7455
6565
213
6165
4565
7601
6086
4202
4425
7807
7109
642
1262
3922
1791
1106
5565
6118
7957
545
2481
1644
2404
6191
5556
4713
8034
5945
4452
1803
5089
1361
7921
7867
4723
6320
6490
2867
3355
3064
7040
7764
7457
6991
5686
6225
1121
5774
3564
3220
7262
3410
4522
6423
2468
5692
7595
3972
7124
1845
2476
6523
5823
3666
5815
4999
1779
6169
2102
763
362
307
1278
6605
3880
1419
2166
1006
6144
5870
6956
7862
2135
4092
5931
4152
2495
7447
5519
5993
4480
6270
3510
203
6333
7723
7427
2437
5999
4001
7039
6525
2629
5596
2043
1555
1181
4770
2058
6731
3692
2379
4848
1378
4396
5304
7064
4402
2478
4832
7307
230
192
4676
2256
5418
3684
7582
725
6403
3250
1739
4515
4829
5996
2003
2675
1827
8128
2272
461
1428
682
4797
2746
3222
6532
6648
3414
3066
941
7075
6587
3505
1854
6563
1841
8135
6913
548
2604
878
8104
3190
4349
7783
6934
7303
3823
2282
1805
6735
372
3815
787
3490
2990
2695
6881
6416
5877
1100
3409
1607
421
1889
3550
2679
7517
1577
813
830
7518
1000
1412
4946
2952
6755
7097
5797
3885
4729
3007
371
6158
6981
2763
6515
4767
3300
3774
4717
759
1292
3071
1367
879
7089
2623
5585
270
2696
2332
5433
1139
7667
4205
6675
5499
1473
939
2766
343
823
7085
6357
5850
2502
1725
716
7467
7317
824
7703
6954
2609
6800
4945
2072
6087
2633
2137
1258
247
4000
3499
678
459
5277
1296
6442
7810
3752
7300
6398
2046
5358
4374
1697
1490
6492
6607
4399
2592
909
7907
354
4894
51
1767
1456
466
1117
4502
2894
6920
4239
4188
5033
1099
6339
661
7204
6855
6665
7729
4139
2995
7034
5832
5178
3015
7554
7169
3354
5590
7623
6411
6264
8090
2122
6847
7727
8085
2246
1137
440
5539
6397
7252
6872
2289
1680
1162
6393
1780
5592
5602
2759
2807
2377
5264
1116
1806
2324
1643
6029
1572
2864
7422
2821
3656
7591
3413
3951
7144
1252
3610
7247
3599
614
4719
2733
4080
2655
6746
6432
7912
3455
4975
2799
2212
2104
6354
6221
1708
6932
5275
5990
2240
401
6919
2321
6585
6457
7915
7560
3935
1557
2796
3151
7409
6886
5303
6134
6804
6374
3492
2870
5309
6785
4490
2571
4740
434
2515
4262
2601
826
7660
2231
2019
3985
7291
4164
3611
6363
4437
6382
342
4765
3271
4306
4343
4497
6655
6975
5615
2752
2186
7410
7095
2856
1532
2948
1530
1857
20
1937
7842
419
6861
6572
1161
5283
7426
1045
3183
2897
3262
5606
2989
3393
850
1918
6930
623
5479
7652
7333
4408
4768
1963
7445
1989
7815
3356
3438
3738
5083
3184
3327
2380
4859
2583
2355
5660
6701
4994
4
2000
6132
1756
5864
6645
4260
4066
6056
3045
1761
6137
5562
6664
645
4957
2684
1781
4204
4549
7031
8114
5395
7761
250
2513
2919
4842
4550
7777
3008
3453
816
7550
3736
2308
2784
5229
1387
3955
5906
3554
969
3769
6030
4536
5807
6895
3839
1102
2691
5408
2918
2423
2758
700
3882
7434
2947
1276
8042
5890
6483
1028
1684
2540
6095
3396
1159
7932
47
194
1259
2007
4387
3275
2660
670
7899
7366
1908
5084
1811
5860
4539
2563
4540
7942
3468
1754
3194
6482
8125
7372
1991
3419
4986
940
2252
4249
6205
6461
3615
1505
2139
4107
4666
1691
304
1738
7399
3660
338
303
6940
4686
42
7788
3836
300
7496
357
5208
5959
2174
7978
297
3164
3212
4689
2420
3529
4177
3511
3987
3931
2906
3856
1009
8043
5713
991
1423
1052
6727
4255
1224
4041
6679
5379
1487
4876
1065
27
709
1385
7157
1880
6527
485
695
5158
1165
3048
161
822
1242
5595
5196
880
7120
3044
2352
4183
7581
6075
5861
7127
4874
2977
3548
5932
2341
6341
860
4453
1719
7330
5337
5110
2771
7762
5984
6867
2049
3258
6300
7125
7734
5451
3173
1895
216
2595
4807
7983
2687
6223
3304
721
7194
6826
7398
6692
4526
255
1837
6074
2599
2800
7156
1958
3395
932
3743
598
4950
2215
512
4691
4342
2368
7501
472
2967
958
5581
4856
7998
3315
4038
6466
2674
6539
413
6671
4898
3255
4479
4292
4924
7033
3928
4893
5559
1874
4694
7720
3869
3484
1807
1855
5824
3990
3149
5524
2902
7077
683
4571
7415
744
7532
7306
897
5712
3866
1086
3799
1334
6796
929
2581
537
4879
1240
3081
5458
1183
2788
6189
4090
7440
5866
1594
2430
2506
7326
1109
61
4320
4706
6220
5632
2527
3892
6963
3152
4186
5722
3197
6069
7811
2024
2207
6226
2861
817
510
6275
2640
837
5666
5078
1861
4958
92
4276
7940
883
3423
335
8029
569
1371
6807
3305
1272
1021
2115
1987
6278
6901
4216
6754
5677
533
4393
3371
356
245
5410
810
2529
6405
5527
2847
1624
1942
7219
84
2768
2624
5383
5445
91
2155
5052
4617
4741
4266
2974
2717
3583
3683
3369
4660
6215
2415
4998
5575
3834
359
4650
2911
2310
6140
3482
2785
7855
3875
2441
6328
5926
7182
4548
7236
5981
5369
5108
1309
2831
4854
7804
8059
4367
67
3259
3193
1632
3337
7881
4574
1724
7769
2044
3622
1768
5014
6751
6598
4939
4251
8073
170
6816
8084
989
141
4533
5629
4725
5694
4324
5854
246
6676
3964
113
4641
4180
6999
6814
6303
7499
1496
2030
7222
3036
5422
6936
2093
3097
4418
1988
2642
1196
2169
7180
3632
6878
6853
528
5796
4219
4537
5517
396
7335
2107
4692
5800
2608
1250
4168
5427
7669
3919
4129
2133
3488
3811
3569
7477
3205
1834
5044
4250
6200
5741
6939
3641
3082
6394
854
5391
3872
7702
2895
3458
3449
7472
3117
5567
2716
2622
7711
1443
965
1445
5147
6770
6674
6509
1914
3192
292
3707
8057
3858
1477
937
3617
6882
4903
7630
5989
3158
8
2874
6054
2165
5002
1154
6451
2543
5808
4587
5468
7597
2888
2448
3889
2681
4054
7405
6640
4297
2245
5041
6352
4959
3408
1031
8036
1777
3941
8079
7619
2275
7106
6984
7573
6899
22
1366
1967
6779
7479
4600
5835
5221
6763
5235
5900
6468
8056
280
54
2076
5954
2638
7368
6629
7664
4721
6989
6864
2
6301
6743
2209
640
1108
5847
3949
2356
331
6430
4419
3329
925
4817
5015
1135
5510
2249
6656
5552
493
3322
6486
1714
3094
7345
503
7237
6116
7721
6507
7196
2921
3754
5387
7266
24
7271
214
3512
3053
6998
1620
7574
7385
7258
6009
4371
2279
992
784
1449
3038
8094
5470
5420
4623
4197
8092
655
3134
1734
104
907
6281
5424
309
1546
7802
7968
949
7880
5204
7279
2789
717
1066
7041
4679
3429
7624
3340
4081
3605
3294
3547
5062
1910
1663
4607
6775
564
8074
839
6309
1227
7688
7254
5813
5317
4049
2833
1969
437
4738
8017
846
3216
2387
3840
39
10
1145
7543
5810
4063
7135
628
4655
2545
5412
5214
6157
4796
350
7631
1683
1750
3116
6948
4547
4995
5729
1799
6953
5563
2560
3228
3026
2149
4109
310
620
5348
5869
1994
4110
6329
2136
4584
4815
5019
6141
3217
5242
4434
1239
7598
7898
4638
6950
2469
3961
7993
6617
490
1912
5593
7567
4830
122
976
1357
4101
4380
2488
2253
5278
4519
935
4068
1859
7232
7359
776
1948
3306
3083
6199
5723
1650
1848
5234
6635
6856
2854
3504
6567
3187
3280
1356
7029
5992
6344
7506
4869
5342
5761
199
1970
5619
7087
6564
106
7197
7917
2531
8111
5696
3068
5267
5456
5045
3390
5893
2471
2798
4340
21
4970
6349
3480
1897
1902
2154
3890
2779
5435
3627
6019
7332
7153
5485
4194
226
5551
7071
4862
5814
7982
4658
290
4412
529
4263
227
2751
6331
158
4810
7458
4819
3495
1541
3448
4439
1773
3812
3308
