5189
7863
5981
2746
4523
1612
2480
1136
568
7688
74
6336
7649
3759
957
253
2299
2715
7563
79
2836
5567
5354
3979
1999
3694
7628
3887
843
585
3338
4970
3209
6186
633
1008
2335
1980
6758
6276
3328
2975
549
3546
4670
5965
3493
7133
5257
2101
731
6877
1175
1662
2024
5541
5377
2071
1388
725
544
4416
6538
2227
7842
5047
7181
2863
2192
1727
7039
4787
6057
384
4763
4242
4772
257
3646
4885
3099
3407
2553
3477
1960
600
4933
2158
2675
5136
7600
3061
616
4638
2078
3147
2258
6278
2762
2462
2532
6283
2346
5395
6887
1850
5459
2579
4196
4109
7975
3508
1246
6786
6187
4347
3975
8121
1550
3780
586
7122
7599
6247
8074
3401
6218
8025
3138
4291
6486
276
2977
3487
5473
2932
5203
1894
7551
5253
638
605
2940
3766
2989
3108
6465
4349
6663
5083
7613
3415
3193
5184
2588
4299
8081
188
7415
3178
6188
1891
3165
4961
3259
7081
4917
1979
1506
1594
6722
5447
2092
311
4708
2971
3676
7048
4614
70
7373
4370
86
683
7712
827
4033
5336
6295
4159
5960
4737
6353
2658
6443
6335
3978
259
5709
7235
431
2460
1413
3226
5428
5857
1142
1614
7760
5799
1355
291
8040
6624
5107
6713
1525
4519
1972
150
1516
562
2803
4278
2391
1842
6440
1216
7153
5388
3545
1974
1737
5378
3714
3919
231
2128
7434
6499
4998
3455
4136
5510
1881
1462
6069
4866
3533
3879
193
2090
348
2770
4829
366
7991
3101
6800
6809
7476
965
6183
7878
3211
910
1021
4413
1595
5270
2397
3606
3045
7730
3442
8086
2792
7833
5534
609
2259
4074
6100
4418
5310
1335
2633
5099
345
1348
6834
3372
3280
7778
6641
4671
4048
273
1868
4643
5193
2963
7379
995
3790
6542
6352
2783
6075
5557
1496
4953
5881
6519
93
1819
2816
8118
1990
5482
5516
623
4361
2750
5559
3928
1344
2526
4108
149
1987
7191
4169
1497
6171
7345
2916
1919
7129
4904
854
1995
5801
3674
2406
4036
7052
2951
3121
3294
2668
2741
7636
4325
3360
2732
3356
2701
5773
3836
3680
4667
7118
5823
470
1762
5787
6039
1265
7194
1708
6833
3771
5658
5713
2547
881
6881
7166
4504
2074
4634
6326
1164
924
4635
3539
1170
6325
3603
7001
2418
4133
5891
7694
4733
8016
7471
3954
1208
5502
5494
1190
6474
7463
1904
4160
778
6919
2757
365
6115
7692
6847
6761
7207
3648
2294
5007
6884
4407
3967
444
6840
3107
1711
987
7452
2681
3072
1298
5893
1782
7687
6328
5172
5407
4720
6889
5936
4334
4985
3750
4257
3551
7346
1556
2557
1893
4313
6611
3721
2031
182
1103
4252
5733
1006
274
3569
3611
438
3420
5199
1814
1651
1419
2053
7560
336
7341
777
5519
5629
8099
5919
2341
1167
5784
3854
440
7996
2745
4209
2953
2710
1169
512
3565
3296
6251
2059
330
4549
6386
551
2061
604
3060
2742
5408
5297
7609
5495
1417
6530
3197
4909
6094
6608
2147
7951
1346
6037
5920
5157
7065
5094
5866
5704
1418
3506
4980
6371
1049
6903
4437
5093
382
5943
1449
6928
6102
1058
3798
7750
5414
5334
7236
6838
7852
7510
7671
3916
4229
7289
2124
7546
1005
4868
2358
1522
7873
7409
3004
2155
3198
2204
6988
748
6169
2214
3820
4449
4948
1390
1085
4887
3552
927
2589
3048
1376
6435
5659
5604
411
6087
3834
4804
4588
594
6281
1977
3191
6041
5075
6279
640
1484
4204
6200
6933
2494
3587
770
6271
3855
7822
1279
1144
7533
3133
1059
5666
2051
6207
5031
2246
2629
1667
3313
268
6415
2097
1731
3851
2081
7492
3968
91
449
4568
1752
1037
3115
7340
7634
2468
5592
2087
425
5208
367
2827
6414
2504
6297
4009
7853
4719
5950
3761
4631
955
1339
1094
3326
5798
5177
3870
3426
2500
7892
197
5654
1764
970
418
6054
5786
4422
7961
3418
1755
5774
7691
6866
1230
6879
1738
1767
8024
3215
331
1145
4456
2554
685
5553
7428
5044
5141
4902
3134
3775
3507
1564
4886
1434
183
2133
4654
972
4438
7837
737
808
2927
8079
3403
6106
4776
3869
3460
6993
7490
5579
2995
7258
4392
7307
5386
4623
2355
3927
475
5273
6852
7092
6606
3450
4374
3346
3129
4423
2917
4425
6068
6205
3923
4543
445
6199
2454
5381
7536
1493
678
2678
7177
733
6725
1023
7489
2333
4677
6191
4405
7547
5246
3362
8004
2978
6081
3740
2841
7259
3018
7559
7098
6379
4156
2412
6156
220
1315
6807
7327
7280
184
2796
5300
2371
2142
4978
853
1749
3664
3204
5770
2719
6661
2777
8036
1073
6951
2054
842
1923
1020
1096
2196
4513
4426
2703
4021
3538
4838
5475
1299
601
5752
6231
7361
2428
1815
1241
4839
3527
7504
3684
6162
6609
1287
7886
5197
7175
4944
1532
1450
1518
5710
5962
7357
5783
2115
2138
6612
2153
3152
7047
1540
4251
1628
5036
7304
5984
3885
7391
1046
6867
2040
7253
2140
4731
6494
1754
6522
2586
7927
5850
4135
4220
5551
2717
3914
5201
3519
6005
307
1571
4177
2521
6675
831
7375
7570
1784
4768
2855
5584
8035
3755
1565
4271
2467
5409
5366
5748
5617
2680
4570
7946
2224
4391
3474
5586
4261
4306
3250
503
7658
4563
5831
7399
2189
3581
2786
1624
2342
2942
5008
6636
4709
7665
7297
3754
7807
4853
5824
2581
6470
740
6375
6446
6490
8117
3992
6343
667
3690
526
6743
2936
3233
5840
463
4679
2170
1387
2882
7171
1026
708
5149
7208
3125
4975
1887
3194
3027
3499
3114
7700
5500
2620
6945
6742
7303
3953
7934
660
836
6883
6036
1600
3182
627
2999
5358
3289
5877
7411
5090
6147
7324
5452
5918
2330
2323
4857
4346
5544
5816
5049
5462
2688
6972
7848
4305
369
7789
1333
4490
5064
3463
1745
2933
4165
914
1811
4152
5401
561
4308
7561
2634
1542
5214
1274
6920
7906
127
815
7100
563
3052
6189
2550
5598
496
3451
3073
5344
168
2593
6620
7126
3877
1052
6795
4145
6089
313
2048
5213
7742
6689
7287
892
6528
308
6330
7059
4533
6655
5323
5781
4952
6701
7089
2829
3496
2228
1143
202
7662
7461
6373
2819
5852
6782
5145
2602
4710
969
5923
1830
2670
2328
7871
3391
1567
6726
6287
2369
1948
4233
2185
5795
7831
2868
6917
6614
6911
2555
2219
5956
6872
420
988
3776
478
4244
1448
8069
1590
2605
2502
192
7748
4162
1621
8133
5148
3701
4419
798
7759
2399
6145
5968
6052
2005
7448
6811
6110
2619
1517
3645
5683
2834
4500
6815
7655
726
7633
5971
350
7632
613
3791
642
2177
7681
775
3509
3925
3736
1964
5525
6332
3825
1106
3485
2095
1249
890
2537
3629
4148
332
116
3154
1698
1044
5286
6762
2322
5369
7564
6777
5105
5926
4460
6181
2018
2244
1207
736
8003
3465
6060
7999
5464
3529
7524
5889
1965
6753
288
354
1888
7933
5632
6865
6232
7083
2069
3321
8055
7155
5476
1252
4444
39
2093
7986
45
5538
5299
7964
1694
6850
6738
4430
3132
37
1365
8054
2451
603
3119
5864
2367
6816
2986
3283
7675
8075
5291
5433
278
2239
7275
7924
7151
7516
7997
5892
5210
4029
7503
4467
7769
6228
5362
5372
994
7433
4255
5679
3915
1650
841
5024
5634
2017
2723
1775
1180
6243
95
1422
1892
3369
2413
7776
1163
6667
5991
5937
7146
2313
491
6405
7674
1905
4800
2567
6610
5568
7836
6953
7138
7602
3163
3525
4218
5711
7676
941
4130
3995
3176
3892
4824
2760
5493
8033
7030
461
825
4810
6908
5723
76
5761
7462
289
5326
5845
4927
6481
1002
5865
5118
3414
5768
4973
6831
1310
2237
6902
1920
7209
5325
1415
7929
6456
2444
7466
5467
6780
7735
5653
6907
469
3808
6710
7718
14
375
2700
5648
1928
4686
4404
5006
1318
402
3514
3102
4818
5793
4553
2038
7841
2771
4929
2438
7707
3424
1115
6357
7976
6158
5314
3230
2756
5497
5425
1781
4275
1538
5802
1627
7203
1311
6290
6056
5647
3704
6509
7552
7024
4609
2297
3077
6500
7589
8087
5976
2984
5443
5200
5027
4447
7744
4529
6681
1971
3438
6890
6496
6554
4122
5982
7091
5739
5384
4380
3074
2517
6007
7549
2378
443
2692
761
1876
4846
1099
3876
793
6018
2234
4461
1812
7167
296
2806
1067
4501
7131
1097
5952
2011
7944
3998
4040
7651
6383
397
3642
1774
3824
1205
923
4016
1616
2446
4988
6149
4398
78
6778
4822
3032
2052
554
4434
3988
3408
7416
6602
6420
3005
393
6918
2944
2474
6197
654
4579
4987
6954
5907
6670
5263
4280
3501
4274
3253
4459
3667
3385
5765
474
1677
3464
1039
579
5308
4005
6980
1653
5556
4532
3767
3375
7625
7002
724
3325
5365
1515
1319
1014
2362
2549
5503
5554
2851
71
3187
7278
176
6217
6139
6937
317
5045
101
1848
4702
1363
1961
6004
6891
1899
3104
2544
1343
4562
3734
1183
5506
2515
3044
2705
7244
6497
6026
1927
15
1392
2363
3128
229
1875
2939
7140
7343
1306
3980
3524
3254
2748
3084
4664
7494
2426
1177
1430
3462
5759
4493
5101
7672
7683
6321
6063
3229
4559
1823
3008
6985
5565
4864
4674
1089
1832
2266
1054
5436
7309
3087
4481
2199
6433
6629
774
295
4726
986
4397
7781
5171
1247
5995
5827
7195
501
5998
540
2614
6621
3189
2843
5413
4913
4687
1703
3083
6428
7090
3347
5438
1678
7957
896
6098
4547
485
6206
2548
7813
271
1822
4428
7862
5421
3875
389
8038
6072
7956
3595
3744
88
96
5757
7339
5446
4723
6492
7679
6544
2423
1166
5602
6025
5070
845
3563
3440
1082
4526
2066
4017
8065
1686
4779
5187
2405
1378
2628
62
2972
3156
5805
3700
4260
3471
3266
909
2869
1856
4639
2562
7912
1176
237
3155
3358
7603
5332
1127
5665
4200
2897
4682
1236
4808
7367
4691
4474
2403
6469
1785
6341
5113
204
6822
4816
2262
5146
2664
221
1351
2667
376
1414
2255
7705
4604
6502
7225
6843
7899
5318
1153
6220
2798
5327
1060
5108
3913
4409
1047
4406
4289
7424
2280
1380
364
6381
3452
6254
5155
1817
6322
5780
1654
3371
3301
3225
1303
5488
8111
4825
3857
3799
7077
4173
4059
1320
7034
3000
1941
6723
4110
6112
6131
3212
1512
4641
4732
5778
2459
6180
6874
2596
2582
3034
4039
550
7960
7405
2226
1576
6767
3343
5785
177
2215
4728
5179
5763
2083
5321
572
610
1545
4506
1530
773
2503
3490
3475
3277
698
1634
7670
6520
3354
1615
326
7182
7736
3063
4339
5828
3473
484
5192
1283
2394
2720
2752
264
7751
5988
344
2501
7518
2109
6617
7754
3911
3480
2849
1227
6327
1108
2476
105
2996
3457
4285
2007
2513
4950
1397
3031
5953
4240
2340
7820
2797
4616
7061
2139
3946
4527
3803
186
5456
5719
607
4307
3470
7684
2743
5890
622
3972
2885
1649
133
6773
3801
6517
3169
2919
835
3310
6203
82
862
7635
7450
457
4088
388
7903
2270
5133
5615
1285
436
947
1379
6741
7522
3038
7285
4750
414
7882
5410
7824
6038
2063
1531
1471
5933
6896
4936
1077
405
1368
5350
2804
6882
7139
6765
6233
4210
5512
5515
2337
2780
7342
3625
3304
1123
4015
7186
5444
265
1212
6835
2463
7881
219
6053
4854
1347
5511
6395
6488
5909
4146
5239
6439
1464
8104
2327
2697
3605
2025
5961
4420
4317
7335
885
7721
1245
3199
7394
4880
6696
6412
3722
6498
5806
4067
4968
6394
7234
5987
5068
4842
639
7013
1870
3770
6922
7086
1458
2879
270
3184
6665
5361
6541
5333
7738
60
4858
3088
7697
6901
781
3932
6146
1010
2106
50
5087
4712
1266
2110
6695
8135
6960
5262
2108
4593
2373
6802
7659
4191
6080
1676
298
2709
917
569
576
3086
6404
7612
1907
7042
5932
6732
1632
6006
1201
1862
3314
4548
6533
2835
3071
4179
4175
1267
977
1816
1684
711
5973
3778
7385
7387
4955
7398
5572
5854
2036
8052
3639
912
6064
8106
5417
7198
7144
5740
5050
1314
4410
6163
2305
7174
1809
6029
6397
1722
163
5523
882
1826
6366
1580
5117
7022
3344
1229
7894
7460
2188
156
1633
5021
2435
1133
6630
6651
3650
6242
3393
3390
3662
4845
3263
547
7237
1250
7109
7780
191
1402
6393
3057
3021
3500
7514
3600
4617
7537
500
1035
3795
5939
7119
5242
1308
6793
2252
7359
4966
6975
979
6023
5164
2583
1395
6159
7746
2683
6318
1028
4455
8077
6854
137
1857
413
6303
5206
5722
7252
3214
4063
7974
788
2000
6258
5406
432
107
6653
7388
3856
38
6230
4983
5364
8126
846
6410
3910
8013
7072
3149
4050
859
41
7987
6360
2696
6862
3846
5135
926
5771
230
2269
4692
4442
1652
3466
1292
6070
5717
6419
4424
2150
5625
5809
3217
2318
4158
3522
2753
303
2607
2427
706
4678
3659
8022
2273
7998
2229
11
4265
7737
1537
3001
3926
6654
1896
2169
5170
6096
3028
804
1074
2635
2277
3144
911
3725
2884
4957
712
7855
2203
5174
7916
4594
4206
5048
4965
1938
2447
5002
7667
2241
1276
3011
5124
4381
5100
2981
2075
1523
3069
4976
2408
4034
7775
1509
3035
3279
4385
6272
1364
3336
1936
4412
4041
5204
3428
6763
2807
3821
1669
4791
3597
529
6024
4106
279
5656
966
3257
6792
4012
6582
5051
4888
938
2256
7657
238
103
6292
203
7064
200
3227
7076
1970
4789
3753
1687
206
159
7805
7646
1064
4234
8095
4155
3747
1490
6875
1663
6628
2909
5814
6719
2749
690
6155
7917
3270
4644
2790
75
5959
7158
1551
904
7502
3997
6463
779
1235
6603
5328
5292
5728
4126
4335
2272
7648
3468
6871
7312
558
3592
6055
2310
5715
6823
1991
1766
7263
2651
4105
5079
5996
5450
991
7172
1354
6700
5142
4941
3663
7616
6971
2563
2284
2350
7005
2209
3448
3417
2006
6438
6376
5921
4095
543
5398
7468
7044
7861
6044
6459
6514
6477
7389
6558
3439
7402
5904
2514
4802
7654
1572
962
6307
7457
4270
5188
5589
1672
5152
5266
6347
5469
7019
7401
5630
6182
8082
2112
3537
7588
4666
6152
1982
7010
6345
7168
4757
2795
7321
1681
7134
6622
3273
581
5811
3890
111
3586
656
5966
2288
1610
5353
4288
1196
4717
2279
5655
4595
1739
6017
905
5393
5416
7224
6991
6990
5800
6184
4906
7066
8096
8002
1140
305
1494
6615
4338
6724
2432
2315
2298
6989
906
4817
5922
1244
5600
7421
7117
67
7631
6595
3234
5621
2949
212
6524
5235
4172
7627
2768
7931
5130
7248
3070
6987
2852
20
5706
7962
3789
3421
7719
2958
1656
2776
5867
446
1025
1369
3039
5520
5626
6391
6104
7893
7995
1192
864
4286
7797
2761
3779
4745
2982
6467
629
652
2067
6167
8026
3248
2516
5884
5319
126
1436
2359
2254
1914
6708
6482
2181
4848
7397
1416
4399
1159
2646
4464
1301
4542
5895
1535
7222
4518
3815
2437
6949
5244
5560
5351
2569
2194
18
8032
7545
7228
1558
3135
5084
4819
7994
6531
5241
4170
4688
2922
5849
3688
2735
7443
4511
4807
7080
1917
3531
1110
4032
1521
6660
6387
5841
3141
3773
3547
1902
8014
5851
2956
6579
1735
7921
795
6049
3434
818
7108
4330
5652
4433
3241
4117
536
3989
4764
5071
442
1578
4922
6613
6898
6944
6516
3888
1625
3024
4509
3945
5879
1239
4693
4852
1080
857
1102
3719
4892
7469
1437
1922
7898
6476
3636
7045
2604
1763
7706
7154
6344
1090
5826
4494
1926
139
165
4395
6948
3812
2023
6273
3559
7948
3573
3859
7747
850
7027
7392
3268
942
4798
4090
7870
1405
2631
7620
4840
4393
545
4843
782
2094
4273
1611
4794
1574
3957
1619
7610
7879
35
3290
7056
3568
1620
1184
5261
5642
6623
2860
1476
151
5803
4774
8129
1432
6101
7587
606
3709
6813
7984
4580
5609
1553
5460
5905
318
4279
2218
985
2149
1425
2456
3157
7511
6774
5701
3160
2523
6506
3146
5304
2137
2529
6943
6858
7925
5474
6426
7988
5431
252
2296
5162
4386
4208
4408
2173
7611
4401
7350
3553
2211
4899
6512
4598
5331
4465
4492
4558
4028
3589
6455
691
3239
2931
7465
228
1996
6536
2767
4982
6478
2281
1421
5217
3306
3940
7082
1275
7576
6225
6844
416
5674
2734
5069
6059
2212
66
7695
5278
5535
4907
2647
2127
658
3151
7932
5274
4951
6267
4483
6955
1117
7459
7479
1916
4087
2637
8107
3488
4253
1124
180
8098
3543
6485
5030
2210
4744
780
6472
817
7105
2477
1791
2276
6939
124
4331
3532
404
4510
4120
266
6580
6176
2893
3173
5837
4668
3535
1234
2015
3717
1386
5577
621
5392
7513
3847
2622
5618
5143
2207
2009
5489
2316
297
1584
2738
4646
7200
797
7993
6241
4882
1589
6351
6826
4453
1197
4340
6515
6134
949
7965
7436
5191
7808
162
6462
7868
4556
207
4700
3405
2060
5929
415
3153
7907
3196
820
2788
934
7102
224
6378
8037
2845
635
3333
8128
4484
6584
2243
7057
4026
1224
2657
7141
3858
4085
4636
2873
1765
7142
6735
1272
4390
7264
7959
1643
5860
870
2449
1129
2317
2396
7268
6686
4231
5681
4627
2351
7261
7509
6894
2493
7981
4064
3112
2453
1787
7192
6000
5218
4959
1577
1724
1660
281
6942
2597
3293
7973
6583
3540
2830
8047
1828
744
732
456
2312
7816
4038
4298
3904
3043
4221
5871
6586
3817
8084
3609
1937
6812
4986
5367
3231
362
2464
2465
2891
3785
487
222
4189
169
7442
439
8071
2102
3826
4566
6728
3920
5789
7765
236
225
4972
3265
6759
6309
5106
4498
7827
4581
5023
6249
5076
1557
4823
1924
4249
5303
255
2805
1157
1487
7578
1925
342
2998
2890
5724
4450
3175
1943
6235
5596
4739
7488
3737
7123
489
7347
208
1855
4573
2118
1017
3416
3109
6853
89
7734
1211
7390
3378
7864
1385
702
6402
4001
6567
7928
114
883
7288
1772
7160
4167
2722
2461
6504
4875
7682
6065
1498
3612
5888
4077
319
3637
3822
7617
3361
7947
7618
3422
1406
6153
5173
1012
1549
5151
378
3098
5307
4835
1818
1854
1631
4127
6166
619
1813
2590
2993
7753
1895
6649
6219
2068
1768
7891
7407
7266
933
5437
4072
6451
1399
4879
1563
360
2132
1601
2568
750
6978
4552
7592
4801
6160
1295
7814
4194
6144
5822
4463
5675
6906
6437
1427
3554
673
7132
976
2190
1831
3334
5605
4831
4098
7485
7028
1921
5209
1838
8028
5688
6676
1786
310
2794
8105
5389
6941
3976
7358
3800
3571
3315
1718
2201
5120
2935
6644
7201
4366
340
4669
7114
4860
7920
3818
2571
6600
6706
1433
7211
5306
2772
3644
7205
3679
226
755
1024
6537
7606
7918
5680
7164
6078
5885
5346
7298
615
358
269
7475
954
7180
4544
5111
1664
6082
2510
3445
7074
7889
5379
1644
4139
7062
4259
5818
3410
3724
49
4124
5280
2415
5165
2085
3555
5637
1761
4729
5762
3446
8049
783
5736
1078
113
5574
533
85
2964
5547
3167
4314
3374
121
4958
1137
1305
2808
1199
1377
3320
4297
6551
2823
5830
2831
863
7110
4414
2643
3853
146
1291
4990
2242
429
6849
2471
7150
6810
3576
4445
3712
3166
8005
785
4531
5638
1181
5606
1134
4431
3598
692
6857
417
16
742
5677
2785
42
7582
33
3425
2356
7456
7483
1789
5251
2878
7404
7188
2191
7017
5876
7919
5221
48
1003
2402
7565
2969
1685
3492
1445
7615
819
2303
574
3544
7913
5819
1396
3002
6238
409
1011
1482
5705
7517
7950
2171
6757
5958
4497
306
7896
377
5422
3943
7204
2352
7629
1075
6561
1536
799
5426
6349
2850
6748
2618
3518
5873
2076
5098
4080
1409
6659
4589
1866
3307
6040
4530
3030
488
5815
4112
1478
2946
2580
720
7015
3996
1095
5400
7054
3281
6401
1647
2924
1908
2370
6164
3677
2457
7806
2941
6377
535
6473
6416
5964
4655
2889
3373
5236
5858
1098
6119
5140
2747
395
628
8073
5275
1264
1699
2496
7429
3649
7905
5522
3931
3647
3772
5271
5046
531
7159
8088
7543
7272
508
2731
3335
6209
2184
4746
7295
8001
7219
6211
5371
7202
2374
3158
8056
1366
280
3661
30
1569
1824
2649
7085
7758
2800
4705
719
4640
5930
743
889
4153
5382
390
1529
3614
6316
5561
2867
7875
4435
7012
2121
6136
6510
5682
2206
5126
6657
4174
5915
3502
4359
4341
3917
6754
1154
1665
285
1668
6384
7183
1061
1281
6931
7541
6555
7230
5927
7731
455
7983
634
373
8012
5063
745
4891
2028
2498
1152
2527
3933
2029
6032
3255
1918
1548
5751
81
1607
6061
4178
2601
4991
7439
3082
1483
338
5394
1733
4300
6718
8015
5202
1069
2364
2014
2003
2154
6900
1217
2560
2008
7107
6223
4309
7147
1361
7299
7608
6388
3681
131
7728
2249
3764
1013
1031
1357
2442
3715
6484
4516
5792
6729
6298
4312
3619
6389
903
758
7332
2625
6117
3003
1771
7593
77
6643
459
3641
898
4537
1613
757
3970
6731
8009
4230
2123
2965
2398
4749
5013
4113
7305
4629
166
3720
5646
2903
3139
2357
4621
1552
1575
1139
2466
521
5564
5424
3381
5220
6408
1994
7579
7197
6365
5092
3960
371
1700
2729
6111
4747
7639
6173
6210
7021
2566
6418
5441
481
1792
3730
4925
8020
4633
5019
7308
6997
2179
5689
3601
7040
1223
1300
5777
747
3365
3643
6685
6632
7885
368
6430
7726
3901
3654
5640
791
1950
1730
6508
6033
2870
3505
1790
2623
6252
7505
5468
2324
5324
6548
5054
5844
3621
441
2621
7279
4811
7481
1327
8127
2626
3745
5862
3623
2492
1256
5582
5983
4328
7557
2033
659
5293
689
3752
1331
582
5119
1886
1503
2499
2778
8078
1367
3383
2041
4967
598
919
3849
8109
5190
6640
534
6293
2187
123
5216
3627
668
4367
3046
2251
1337
5168
6745
2660
3122
852
454
1504
5970
7763
1334
4053
6959
5776
4932
893
209
5856
2533
5134
8
7966
583
6016
1852
8053
4554
1869
2422
5797
7586
3882
3246
1092
178
4368
6935
135
6781
5385
3110
4828
5696
2484
2650
4217
7945
1200
6827
1836
1969
2930
5874
7135
2375
4323
5526
7157
2824
6480
7383
5035
2329
3494
6120
2334
1679
964
1593
6239
261
6046
1262
2079
6553
4781
4478
2592
921
8091
1114
157
4607
3282
3076
3819
860
1798
2410
302
7825
1317
1985
7685
1398
4780
2134
6616
6913
3
5612
3491
1833
2497
525
6121
7535
4545
8023
2174
3613
3845
5442
2564
3498
2881
3059
2979
385
822
5449
5479
7041
5533
7749
4571
707
3620
7281
8064
3009
967
722
5077
751
3521
4775
8094
4000
6556
1637
6266
787
7007
3833
2766
1057
4918
839
715
4186
179
4735
5028
3033
7277
1880
7315
1222
2779
2417
5529
4446
7970
7540
3436
4844
2261
4660
5296
6294
5109
8134
7215
7176
4517
2960
514
6043
2022
2381
3651
3574
452
1381
555
5948
1206
4296
2395
2
4956
3881
5015
3787
7644
6315
2542
6122
721
4912
2695
8116
6495
6168
4622
69
6221
7344
7568
108
5767
6337
7087
2970
7800
4923
6680
3618
410
1447
4214
1456
2585
3593
4935
6364
2086
403
2966
3068
7656
5128
7544
2810
3788
5758
6564
1714
4795
515
5224
2871
1573
5032
4440
343
3809
6240
109
1704
1466
2143
5718
4185
5249
5137
900
7668
7243
5643
7596
2088
3395
3177
5215
1356
2876
1640
2558
8122
5311
807
5832
2687
1293
2235
5073
392
2221
3850
1219
434
5508
3041
754
2505
6909
3201
4979
2349
3376
6154
24
1203
97
2347
6952
7169
7741
1042
3948
6257
3124
4742
3276
5138
3528
3691
7772
506
5676
1697
3461
3449
2938
776
4722
4140
1988
2968
6549
6125
2065
3687
7630
3566
7419
4151
351
102
7566
6994
5026
3930
3267
7914
4099
2208
5743
6740
767
6133
703
3993
3991
728
6693
7876
6796
2914
873
349
5650
5595
4870
3308
7832
2100
527
2899
769
1984
3835
3804
3894
262
1940
1795
2877
5725
670
5169
1446
4479
6995
4075
3810
8123
5934
6648
4182
136
3633
4661
1423
3685
2286
1806
1277
5613
2531
587
5182
2306
5122
6464
1000
6756
8119
1586
2195
7930
3985
54
6638
6982
1263
3974
866
5794
6066
6255
299
6417
83
2721
6619
5662
3103
584
3065
7779
6092
5499
2718
4263
3599
7495
2730
1689
4321
4849
7856
874
593
4203
6161
47
5712
372
3298
3247
3797
3987
6009
6113
2859
1403
2612
3805
7093
406
2606
3944
7818
1452
8080
6593
3256
4377
1258
4054
5887
7500
7232
1360
4524
199
1296
2923
5908
2030
7556
6546
7496
3675
2985
2070
5989
6936
1709
1491
5014
566
752
4837
5062
5283
7601
7669
6090
1313
5085
7435
2387
2902
3019
2268
5454
7673
6914
1609
5667
2641
597
6924
1083
462
5747
40
1204
119
2232
3941
1486
5403
5513
1202
2820
4539
6099
353
5693
6829
1411
3236
309
6631
655
7055
7660
631
5702
5290
3312
6442
7336
7953
6801
25
4351
1945
1524
254
2839
4241
7854
3349
4915
6198
1213
771
3584
2176
3872
5039
4971
6424
686
7690
2339
242
4018
1760
2240
2817
4
6174
1673
3893
4163
7078
286
7732
5153
144
5651
1105
5411
6878
4187
4900
596
4758
5154
55
3909
3889
7493
6552
1439
3140
1657
6737
4216
1148
4222
5125
546
5161
4353
645
6042
7178
1257
4402
2616
4488
1382
1253
2962
2202
5760
528
4037
2271
2888
4224
1680
4443
7979
618
7422
8060
6003
4550
3907
6650
664
4792
4276
6658
997
5707
6637
1642
6794
8102
6050
2536
3965
5281
7162
2854
5945
3251
2507
3557
7291
3337
5902
2825
110
3958
5309
2013
5599
7554
5531
5804
3786
5228
996
2945
3332
428
217
2283
513
2821
2010
5072
3963
171
5480
1214
1372
6229
1312
7487
4847
4911
2774
1324
5052
4930
2144
1125
7184
3588
1488
5957
3986
1507
2482
1773
5420
2813
4079
3749
861
6999
676
5620
3427
3942
4283
2148
4376
6114
3288
3658
727
4192
3762
1519
3939
2430
5555
4855
7478
3483
329
4725
5550
4596
8093
6824
6744
6108
5622
341
2613
7626
6604
5279
399
6058
5492
7926
6367
3516
4683
2598
6930
1975
3782
4574
4546
5552
2577
4650
355
2769
6317
7381
4226
7624
214
5245
2393
4116
7764
4796
1489
7661
2640
2409
5312
5732
1362
1410
5186
4258
2198
1528
2080
522
4984
1341
4008
6968
4035
5360
1420
1720
4521
6071
2791
5086
6475
3602
6074
4238
5295
1328
1289
7360
6714
7888
3657
4770
6097
2642
6784
5668
3222
4150
4486
4871
6547
5116
2858
4592
5859
4043
6031
3955
2901
56
5790
1877
277
2401
1453
2353
492
5110
6093
1801
6342
5692
6192
2663
3814
7534
1728
3056
570
891
7539
930
4931
2976
6312
7270
3269
1706
2814
6787
6750
902
3353
4378
1161
185
2654
4812
1232
7757
4355
1160
2164
5627
7325
4031
620
5012
1477
5872
1674
4125
1185
4724
5144
1304
3137
5419
4699
1041
738
1353
1981
2898
4960
6836
3921
6237
5517
1696
1186
3456
2180
6385
6570
5576
5176
5255
1872
7444
3896
6193
6201
1429
688
5272
2954
6334
3908
990
3671
505
2739
5980
4304
784
4375
5635
5434
936
2744
7130
8089
5729
1719
5380
7006
7271
1797
3219
876
7745
464
6143
5657
7573
7470
120
12
2926
3489
3950
6226
666
3604
6406
6296
4505
7967
4782
4055
2751
1712
794
3947
858
6957
7693
7909
735
2892
198
122
6588
1562
2469
5518
7756
4821
925
6190
1702
4914
6739
5951
4697
4364
1051
1769
7125
6129
7382
7782
6014
5078
6540
5581
3394
3007
7811
5505
741
7242
3982
1210
435
3702
7163
6109
5687
2111
2853
1626
1068
8007
5954
2959
6457
1726
5102
4830
7043
2247
2160
3202
4591
1472
3781
8017
1968
7790
5509
4092
1171
789
2894
3341
7426
1135
542
4584
3668
7849
2062
3058
5259
3713
2662
592
8021
6572
0
6020
1325
1954
6886
1088
170
2716
4290
602
215
1408
3792
3237
293
494
6289
5697
5349
6885
4336
4662
6346
2671
662
591
3816
960
3275
1930
5883
5016
5628
772
401
205
3768
6983
4867
4096
6594
346
4555
7704
2495
567
6095
7937
3159
4246
2162
4027
7762
6396
7786
3666
5066
3220
7507
2264
511
7152
3891
2552
4777
7580
5817
2295
723
4237
4651
3842
195
7771
4451
5496
3549
5057
1598
6671
4344
5698
2886
590
3080
7227
4025
72
552
5037
447
4863
7071
1209
448
34
53
7238
4565
3386
2603
1691
7982
3607
7241
4023
460
2487
1827
3973
1911
3693
7221
3067
4569
637
1695
1993
1467
4480
5903
2478
7607
717
4995
3479
3437
518
2055
5396
6468
5593
4809
3665
680
6127
7887
5097
766
1053
3971
6967
381
1173
7788
7857
7770
3900
1079
6214
8114
3441
5911
7622
4057
6301
6172
4183
5376
1929
665
3049
2832
943
5060
1560
3454
4701
6642
1541
4114
951
541
4066
2636
6358
3179
1671
3050
3278
5906
6734
3188
5700
6398
2421
6022
7113
161
8018
3221
1581
4068
1934
974
3297
2992
363
5175
6543
3579
4805
1796
6969
1116
3839
507
8090
7306
5558
2573
7474
5580
7101
6532
10
6779
1121
553
5017
932
1543
564
84
5373
2983
6429
7783
1638
4166
8103
5352
2520
275
7696
6966
8100
5875
21
3216
4813
713
3860
4319
2907
4610
7802
4292
4741
4534
2223
5269
8034
6830
3783
3242
6132
17
112
3262
6709
3285
695
3838
5631
1412
4658
7037
6679
1729
937
4928
1534
6525
3678
939
4525
6839
6664
1218
1802
5992
4219
2578
227
3180
282
6503
4495
4078
6915
3952
7329
6305
2072
6746
7866
1732
19
4836
2455
3705
6859
5132
565
3340
6288
3042
3503
4439
1566
6493
7795
5167
4056
8068
6356
7467
7145
5248
1444
5720
2392
154
8108
6627
94
3092
2354
7417
22
5835
6996
2450
4850
6965
4472
6277
5483
6030
5716
2910
2443
4076
1622
4223
6974
6962
4665
3746
5775
387
407
7520
4962
4615
6285
7739
4663
7070
4599
4920
2107
7585
6837
1670
4190
29
998
3097
1966
2584
517
644
4205
5156
3534
4011
80
2905
1859
3560
6652
3723
5284
1956
4211
2293
3162
5669
4215
7290
5530
2077
7446
4123
1460
4086
1284
8130
3572
2764
2419
359
6079
5691
3208
6733
2689
6123
7713
6963
1725
7897
7330
6224
7900
4073
6683
7170
7575
7784
7058
2535
6832
479
7269
875
4052
2990
3292
6403
674
9
7403
6425
3616
3660
3136
4657
4945
5196
1248
1215
3848
5439
1851
6788
7940
1278
1251
3868
3695
5896
6895
4047
1839
5096
1374
6355
1118
3906
4942
2591
8051
7218
5260
1220
7124
1779
1527
6284
7723
2379
4248
3388
1871
7872
7724
1903
8041
3758
4612
1592
7420
398
5990
2781
3095
1900
6764
1401
6260
7354
3305
2135
7830
6677
6324
7371
3865
7
3224
929
2676
3777
7292
1505
2997
1259
7652
913
1821
3172
7978
3706
6674
4954
4603
2848
4721
4201
5829
5034
6605
3811
6194
2576
1692
5001
3130
636
6550
5673
7703
5159
3735
3145
6534
1963
3232
6873
2479
249
3686
3120
4448
1641
4869
4718
3447
1585
1091
4379
1428
539
7033
8048
6
7773
6846
7850
7079
7223
1457
2488
3583
7372
6817
4540
5342
477
4013
3784
4046
147
3366
7572
2887
5198
1297
6212
694
8006
800
6051
3652
6798
7334
1909
5347
7859
1269
4058
1182
6409
4576
5089
6118
4062
5846
1897
1048
5611
7619
140
2615
1858
4315
3200
234
8008
6574
2524
2918
8072
5022
6825
357
5548
6423
3286
6727
4141
1255
2773
4583
4893
3026
7193
3435
7318
6471
6333
7128
1639
3010
5737
1646
2826
8083
6142
7801
2182
1579
1840
1056
300
2818
3352
5368
3710
6573
1254
3966
1191
5461
6185
4585
6234
5986
6286
6338
6772
1032
5745
6856
6374
5661
2458
1602
6466
7844
4538
1431
3562
1383
5302
6851
5941
813
5756
5897
2934
2301
2828
4672
7284
663
7036
3938
6213
383
2895
2300
2091
3148
614
3718
2652
7766
155
6012
4814
2267
6527
6308
7531
6716
1740
6669
7821
2035
3093
3190
1469
867
3577
490
3903
2724
6539
7368
2486
3895
5430
5180
3458
3238
2002
2864
2230
6797
2390
3741
1793
7423
2114
7319
3322
1455
2653
482
2686
1495
6250
6507
6672
1131
7257
4587
7530
5507
1112
5418
2789
3731
1947
7491
5569
4659
1951
7121
810
5238
1065
1100
4107
400
1168
4295
1865
2368
3127
3517
2530
2019
647
5590
5974
4861
4499
2290
5764
3380
7521
379
2020
1630
5178
1132
5121
4997
361
5779
5619
7555
5223
6711
3094
7240
4652
5855
5938
5166
792
693
1155
5103
6491
4184
3064
696
856
2980
396
8039
7320
5139
2122
6310
4575
2812
4352
4267
7053
5917
3841
5842
877
4514
1043
4311
2058
6526
4783
6625
260
4856
4993
6736
5708
6460
2044
4477
4696
7877
679
7212
6639
7112
4044
6789
1629
6215
1451
3769
4833
6599
1986
8000
1661
833
4815
4878
811
7369
7413
4630
1746
4797
6916
6562
6760
5055
4470
1618
7867
7810
2872
821
4673
5435
5699
803
3655
4360
2157
6699
3634
6694
6821
1915
823
6407
940
6208
4326
7376
6998
4202
2906
1635
6947
3324
6021
4754
158
292
1867
5570
128
2665
244
466
2145
7883
5514
7663
7179
433
3530
4620
5477
2197
1883
4491
4896
4181
1195
1603
5123
5610
7553
3617
6703
2016
2431
2763
5645
3317
248
283
5997
6458
886
7482
4094
6597
8061
4520
894
5267
337
3743
4605
1172
2706
1776
6563
2220
6370
4454
3831
6323
6148
1955
7809
2156
4713
5813
2116
3558
5588
6227
946
6454
749
7767
4937
5549
7352
2736
1820
7099
2382
8092
6923
7217
4343
2937
4302
419
3357
7709
6501
7246
2943
4834
32
2666
2265
3368
5160
3047
907
4342
6938
3905
7653
5624
5256
6910
6441
2146
3476
5766
1751
4624
1233
983
1783
7939
57
6483
2784
672
599
5315
7527
5847
5185
4070
6769
7302
6126
5633
1547
495
7418
1554
1336
6747
1658
4675
2308
1636
3556
2920
1976
7641
2326
4820
4489
8010
2540
1076
2386
7189
931
471
4476
7922
5573
2344
7276
5445
1231
3794
753
3934
5181
1036
2213
2822
7260
2837
6077
2508
3367
2183
6783
8058
878
7562
3411
2574
5537
142
7283
4164
5498
7860
2610
7708
4193
5056
59
6489
7410
7213
2360
3742
4707
520
901
7710
3037
3309
7190
6720
7149
6196
1062
5594
7943
3243
1087
7229
4348
2570
2126
5080
1825
806
7430
4007
6245
4236
1107
6157
6253
978
4293
437
1063
423
1889
287
4069
2950
6921
7438
6083
4128
5913
3935
4606
7785
7380
5812
2037
7255
2117
4557
4625
5
7845
3504
959
7425
4676
7689
4149
6487
4949
68
812
6107
7453
3716
7120
4250
1510
7865
218
6535
3081
1375
4769
172
653
2291
3937
2727
2384
971
4711
4134
2136
7068
5486
223
4730
4320
6140
2473
6444
7799
4102
1442
2361
5338
1743
2175
4228
6263
5820
2452
2129
8110
7046
4266
4357
4421
2991
3258
697
1221
4512
5608
412
1007
1001
5277
2064
5183
3813
92
6088
1546
1799
958
6698
796
5458
7348
7095
6868
7558
4628
1072
2661
5853
7523
6306
6002
6013
4685
5243
3548
3484
3350
328
5880
6340
51
4188
5916
4010
4083
2098
4872
5721
1837
334
1270
677
5234
6280
7777
3912
4049
4989
4225
427
1946
4471
624
3423
7591
4396
3218
2973
6313
4940
3023
5528
3398
3863
301
6656
7067
7115
3017
4862
2163
6940
3123
1093
4097
2245
510
4578
6138
46
1454
5542
6359
5330
4051
304
6304
2440
5807
28
6001
6690
4969
61
5636
1147
7958
6565
7583
6705
1193
2034
4354
6264
5252
2372
6008
4502
7265
2275
577
3079
3922
1373
100
7084
4736
3272
6085
5451
729
141
5081
1805
920
7473
4613
6662
7274
3622
1682
6646
557
3066
2857
5769
7458
272
5975
2755
5782
559
5357
3106
879
7638
2263
4778
1499
6977
4903
973
4282
7908
2541
1242
3733
5660
5684
6688
1022
2231
117
190
3482
5882
2104
370
2042
453
467
3287
6897
4269
451
4890
1359
1426
4363
4232
7880
4441
6300
1150
5504
4429
4684
6912
8027
6707
6666
4119
7614
1329
7526
7858
4806
3594
1973
4457
814
125
5359
483
4256
840
7094
5838
1906
6848
2912
4645
5749
575
1794
5623
5755
3793
7569
2103
7293
6560
790
468
2445
3829
6808
5575
6150
588
5772
6673
2429
756
716
1741
7642
7714
880
5232
4239
6177
3697
5924
3698
6084
4551
7161
2758
2314
2490
6925
4466
6860
5566
3339
5894
6790
3867
5127
5337
975
980
1384
6905
5899
321
6864
2049
7640
6447
7977
3703
4784
4765
7414
5726
7408
7406
5412
408
7590
3689
3774
6973
7835
916
5288
7969
7794
1038
7698
918
1810
981
473
608
6598
2151
2638
7727
6799
6434
2152
6076
3186
6422
5836
3013
7127
3342
3949
838
1744
2974
7249
6202
4851
3195
4637
6521
4680
5870
1045
3486
5195
7449
5226
2046
3207
1513
4889
3699
4793
5478
3962
3711
6354
6863
7525
4482
1302
1470
7768
4649
1959
44
2043
6302
3022
4681
5848
7834
5536
4522
1885
7313
928
802
1873
5861
5955
6244
7542
504
6236
7251
3016
4799
1322
5115
1860
1481
5374
174
6571
7497
1071
868
2448
3264
6269
5042
3585
3131
497
7715
8115
2708
7256
258
43
2684
1501
872
992
589
8042
3118
2759
1468
1931
2904
2639
7187
164
8046
5839
7029
5470
5340
7798
1716
5912
6752
6319
5753
6015
1753
7571
2338
1240
3429
6855
630
2928
422
6678
6195
6274
7623
4577
3902
4487
3878
2475
1294
2994
1849
3567
4752
1198
63
1874
4071
6320
6427
1675
5578
2519
7664
7941
4536
6568
6979
2348
3051
2050
1086
7972
687
2343
4138
7645
5825
1479
4243
3626
4974
2441
5788
2775
3161
7594
1188
632
4473
6116
1608
1701
3431
6776
3392
5020
6421
3640
5415
1803
5616
2165
1583
944
2679
5091
7577
1323
6128
8050
2921
5114
6011
31
3377
2624
1878
984
3830
5985
6585
3861
52
5212
8045
3738
4212
4198
1407
3444
4104
3929
1659
1128
315
3303
7846
1570
4647
145
