4054
6418
7664
6214
3836
8091
5178
3851
2305
4376
7634
5122
2625
5052
4216
3638
1099
7013
4969
1457
7593
7796
3801
2279
7179
2061
5086
2167
8023
4768
230
5041
6876
1771
6429
3258
5764
7031
1488
4486
4426
5333
6750
9
4332
1714
2709
2145
7251
4797
1498
5912
1504
4078
2530
2705
655
6786
2755
1581
2453
6530
7165
2862
2085
333
5731
397
352
3143
7956
4935
4270
2812
3894
4032
5434
2874
1266
547
7370
7037
7618
6692
6828
2957
7527
7414
838
1160
1766
1207
5986
5738
1729
6722
1279
1963
2125
1389
4528
5186
2726
6465
943
1040
7418
3888
369
2686
784
2486
7566
5948
1915
4593
3509
5989
6069
3380
530
826
4814
84
2659
2875
6699
6557
3317
4063
4526
3898
4265
1122
4896
6642
1612
7621
6270
2677
828
1491
4914
835
6813
3540
6140
3792
6524
5979
3500
3834
3112
7463
6493
7009
1705
7646
2761
7814
7151
4631
4710
787
5801
7936
5590
603
5515
6222
6216
3148
2860
2660
2487
7688
6657
3843
2910
8006
4148
3847
1333
2981
6474
3216
233
5910
5678
5343
3262
7218
5299
4278
12
5543
700
7343
5613
6664
3360
7206
7765
88
4823
4067
6505
1138
4184
5637
2806
8035
6507
75
1892
6791
1713
7959
7846
170
7917
4393
2551
3646
3371
5611
1869
7881
4994
3026
4099
5046
4959
5999
2930
1399
6773
7998
7415
6011
4957
1777
6580
602
1196
7740
2960
2619
2118
3332
7163
4776
1976
7929
5603
6853
5053
1373
6151
2908
2363
7595
5472
7310
6171
7954
6294
6755
2429
5623
1264
949
2794
5709
6752
7364
637
4285
7458
448
3883
4747
7694
5715
182
7249
3741
4398
4837
4943
1073
7790
5069
5683
2890
6609
6625
243
3977
4049
5203
2311
2066
6894
327
7614
3484
2838
4231
3718
155
138
1471
3491
1281
4598
7468
5025
7779
596
2553
4764
2040
3838
2222
3674
47
2154
2199
3858
2691
6033
4942
3079
6074
6892
3709
1883
1004
5403
4717
1560
454
1625
6503
1620
7832
4921
5208
4147
2126
4258
4842
3131
4243
5720
6288
527
3440
22
4769
2922
139
6614
4613
7519
5078
5367
1448
5645
3947
836
6300
1129
5223
1828
6538
2330
2943
2658
1522
3081
6078
4144
551
277
1802
7678
977
7627
3566
6169
1597
5441
5411
2679
5868
2909
207
8054
5719
4319
1076
2886
5316
1382
1818
83
1137
1621
7117
25
5600
685
3058
2897
3275
7380
7006
1165
6802
3227
3445
7088
2608
6095
7003
2479
4723
2346
1688
989
2752
3761
5799
498
814
2333
903
7455
6317
8031
7262
5028
2759
2777
144
7705
1203
5422
6072
4240
5162
999
5281
5744
4505
7886
964
5885
5462
5753
6248
3554
3975
2937
3541
1959
4813
282
6729
7744
7764
6921
7402
688
7616
1245
6847
4336
3286
5863
1670
4636
1872
3642
278
4575
793
5382
5273
751
4825
3726
6518
1327
5523
14
4128
5563
4474
2482
6817
1627
4574
5032
4159
7394
5168
5759
7136
5997
7707
5275
2310
7346
2389
6665
5707
5109
8046
5646
7940
1238
4862
1697
746
2213
7302
3922
8036
5606
4865
2901
7294
5253
6071
1132
3697
2306
5792
1922
4413
5383
2036
7517
7112
3082
3020
6480
6866
3560
2518
6885
2621
4412
2672
2340
5009
3950
7624
3182
2024
5224
1234
1724
3934
7584
6567
5336
129
2076
462
5689
1515
2959
6399
4182
4801
2236
428
4158
7859
8101
438
2120
4428
5438
324
6554
3118
1957
2221
6840
3090
6096
792
1857
1928
6546
1644
4469
2457
4554
7073
1169
4503
3117
682
4539
1643
2197
7464
1115
5521
1958
6481
4547
6775
2166
1609
4973
7607
7048
1415
57
5369
2124
3050
6928
6448
6668
5021
7226
2138
3309
1727
2211
7620
5548
2641
3900
6923
7964
1153
7060
2968
1671
1894
7657
2319
5007
2409
5835
689
6050
6326
3172
7066
1807
3557
2342
405
3563
2282
1360
7374
7454
1880
4522
2644
3265
2151
4004
7342
4328
5139
679
5893
1450
5612
1223
3251
23
4974
827
3837
7228
2635
1139
3865
306
1385
2321
7539
2009
1177
2531
2653
7701
3666
4068
312
6702
5317
4167
2754
4543
356
7387
6741
4993
2325
7041
3911
5749
3142
4146
339
2004
5631
1652
2523
3315
7477
3602
4254
1282
7248
6113
5821
1409
6575
1293
4215
7984
756
4180
3520
5159
5605
6143
1819
4682
6336
4849
4703
1700
3063
5974
2350
546
407
776
819
1563
1469
912
7502
5665
4988
554
8127
7001
8105
2859
2059
1735
3725
2392
2079
5101
6970
3739
5568
2364
6671
6907
1219
6592
5308
6981
4062
7709
4658
7613
1837
4238
488
3721
3076
505
2792
4782
3663
4192
3648
5919
1772
6436
4405
558
5651
3297
1532
1912
3311
446
5924
3699
172
1086
550
4433
2885
894
1820
2826
7203
6468
3517
3513
6901
4790
1414
692
347
791
4179
583
2701
4642
5325
1176
6661
8052
8106
613
4627
544
7185
3821
3155
1144
1926
8061
7965
3043
4869
2205
128
1179
1191
382
148
6491
3759
7720
6318
6437
1230
11
6984
2047
6157
2444
981
4863
1534
3298
3377
479
250
5473
4495
8005
6192
2722
6819
1082
781
7079
5313
5023
323
210
7131
5628
6190
5840
4802
1065
3803
7883
3878
5130
4711
7062
3325
3942
1197
853
7708
1871
1474
4913
3012
2793
1311
8040
3410
1950
1186
5043
2895
4040
1587
3019
7347
1874
1666
3074
5272
895
3905
125
3379
1981
3144
455
5063
5310
1251
825
4499
7550
5440
7758
1787
6060
1061
4895
2846
1885
5328
7718
2703
1398
2883
3223
6193
3049
6640
424
7913
6167
7210
4572
6678
6136
5691
6094
5860
3869
1141
261
1500
5489
423
7654
1057
5061
6799
4086
4473
2005
1107
3553
1161
6477
267
7209
1977
1459
1341
6424
5190
6523
6862
4992
5304
4051
452
7451
3866
5110
2597
3277
7582
5312
7019
6173
1675
2465
5259
2889
5044
6001
6369
4416
7817
3447
2642
5832
412
3884
5286
702
6591
6153
408
3415
5830
5947
1363
422
972
2478
7603
5506
5419
6599
7122
5567
7725
198
5152
1010
4945
6704
508
478
332
6736
5380
5549
3300
298
2481
967
3768
2433
6027
2872
3688
299
5192
5436
5971
3034
6322
1989
4209
651
4584
2516
5083
3969
7427
5693
5067
3183
6434
7444
4201
6425
7511
5985
3564
1049
4722
5196
4530
2081
5301
7188
1533
2309
6989
5895
120
1413
6926
513
5723
901
947
7390
258
4065
833
3505
2185
6838
6793
7773
274
79
4991
7119
6912
2798
4020
3981
877
4926
4557
7321
1236
4968
7967
1232
2638
5555
4435
5507
1648
2559
1358
6329
1307
115
4780
7354
2015
5829
6208
5395
4248
3813
2341
4397
81
491
6954
7382
4431
7933
4671
6124
6590
7554
846
5802
3516
7669
635
7679
1507
1595
357
161
5929
1736
5943
2669
5111
348
7181
2368
6397
7004
3828
1927
3436
2693
3504
660
5898
1672
2298
614
3431
1319
2332
4120
1738
6178
7915
7164
6325
2600
6005
5248
1861
3941
5321
5591
6655
2162
5672
2026
1603
7896
7856
4380
3510
2766
1984
60
152
4402
7667
7261
905
2345
7345
7533
6392
6187
7636
5960
3279
8086
1876
1756
680
2919
4601
6831
1447
7860
553
1683
7116
3970
4644
2440
484
7410
6240
656
4242
7555
4793
6807
3863
2790
2216
3428
110
4990
6733
2302
5396
7813
1967
3592
1506
3700
7910
4586
7558
3609
2105
1323
2668
2561
5427
1944
5350
6482
1460
6099
399
4672
158
1731
3363
6988
1521
3736
3326
6783
3938
6489
2507
6566
4654
2152
4296
4375
7852
2749
5402
6104
3561
6426
7049
4451
3268
1289
1027
2023
6250
715
7099
4292
2633
8126
5899
5278
3782
7957
7924
5610
780
2241
4142
1164
2172
396
2476
6218
5103
2881
560
6809
5353
3179
6804
6370
2800
6874
515
4839
7955
6431
7706
3336
6564
2258
704
2255
785
253
280
7608
3169
3062
7699
7682
6570
3957
293
6023
2639
798
337
6886
149
4729
5996
5843
1776
1826
3180
4045
3766
2316
7443
2574
6837
3669
6539
870
959
5222
4458
5780
180
7878
2249
6371
6859
5292
7697
4714
4848
7301
4374
6195
8134
1864
1541
4066
5270
7842
5634
1052
709
6386
2121
2563
984
121
3536
4212
6024
2253
5136
1081
6683
5362
1439
3945
1947
6130
1156
7274
3236
5479
5030
753
7424
1346
4669
7768
6266
664
2578
980
541
3209
477
249
6801
4006
6307
3024
4394
587
1404
6578
6684
3909
7336
783
6697
3652
2354
1916
6594
2512
1867
5404
5624
7439
5460
7563
4316
5471
6131
4922
1034
534
7609
6384
414
2291
4804
1168
4406
7743
4619
7481
3693
6883
3956
5453
4808
5820
7212
3374
3685
4853
3965
4529
3156
2064
2050
2194
3794
6147
4678
3038
4845
226
1523
5429
2974
8057
7314
6991
1641
371
3549
2373
4600
6004
7643
7953
1573
380
200
71
4378
2614
5194
7217
270
5838
5890
61
96
2223
1758
4694
1686
2768
6120
913
99
6238
5307
6650
4322
6463
495
4715
364
344
5090
3627
3686
5642
1656
5058
6066
4817
5816
1673
533
7937
7266
7076
2673
3972
7797
3842
2367
5064
7508
1495
3238
3641
5039
8080
6645
2840
1067
652
3730
417
7323
5995
7698
6641
5497
3729
4071
2276
3647
2539
683
7166
7656
4191
3791
3441
5175
1183
5389
6720
1562
1924
7991
4002
3269
6428
7069
5387
7093
3175
6351
4847
5589
6451
7655
362
4314
7568
3877
7098
1440
729
5825
6979
7036
6311
4459
3386
6155
996
159
301
1725
1193
2334
2811
1258
5727
3788
2315
4538
7493
6778
283
6025
5998
6687
1206
3232
6517
6569
8131
1124
5516
236
5542
771
5348
6893
7932
876
3716
878
1173
3924
1114
7263
3361
7580
6629
2278
2713
7590
521
4788
6328
2525
1178
7543
2207
146
1209
725
7661
6598
1610
5461
1199
5302
4645
7562
5519
7687
3514
374
4211
1364
6064
5045
4570
1030
3515
2536
6980
1105
2164
6252
345
5752
8001
4241
3302
3991
1998
4305
4558
6381
3274
8089
5017
4919
3552
4176
7267
7005
1706
6132
3829
413
1570
1091
2359
4924
204
7489
6087
6950
457
5661
1381
1806
6914
675
4308
4174
7024
7272
7023
5131
3280
1946
2950
6766
4443
2288
3101
7275
6814
1412
15
4352
7975
4390
7647
2643
8044
6198
5627
641
1342
5345
7604
7371
3676
6918
8039
6323
1182
1999
5695
747
2147
1715
585
2757
2931
3524
1458
6929
3584
3612
8118
6352
7243
1565
7691
5954
6165
2557
2235
1993
4824
7504
3537
308
6662
2617
7399
7993
3419
3294
4948
6442
1781
6815
5465
5502
8084
2396
439
1632
19
7875
112
3636
5728
2356
5818
437
6304
4612
3203
5452
4137
6185
6127
2803
6404
3316
3817
3492
5000
7348
4337
1568
3249
2786
7379
2893
6115
7045
2101
5068
2351
2097
1362
1026
6362
4353
7858
5372
7471
839
3299
1336
4355
315
7242
3986
6710
3295
4637
7101
5694
543
6100
4060
6561
7378
4075
4971
6355
2174
4345
4635
7639
7680
5904
6440
5790
6658
5129
2899
2978
137
5988
2514
178
2670
8008
5934
1655
119
3503
3370
6714
1021
5562
4730
3073
1303
3239
334
7514
1416
4910
7722
2891
1005
6572
1769
6531
5446
7825
4799
6441
5972
6997
3997
1322
4741
3284
6765
2681
223
6971
3388
7153
990
2456
1850
3331
1104
451
1792
7061
7358
736
7745
3282
7726
4391
4784
2208
6416
2384
3031
8133
5276
5944
4367
2961
2214
294
503
4467
1535
3776
5703
2598
3287
3932
7125
2731
2710
4826
2244
3444
5657
4307
4400
2294
2640
552
1773
7834
4479
5932
107
1051
3719
1844
4552
3127
2051
4253
3348
3978
2887
6958
5002
2390
6776
7900
196
6849
649
6734
2820
5625
363
3937
5384
6579
4364
3372
5227
3129
3630
3628
4016
4531
4870
1074
5648
5962
5653
490
2603
6781
7284
4984
2447
2437
2328
7033
2419
4577
3490
5361
6643
4893
4116
1785
4659
7633
6380
70
2112
5355
1690
7167
7423
615
5754
810
3211
384
7245
3103
1392
1444
7774
185
1038
6603
3128
862
1228
1551
5177
5154
4403
4640
51
3476
4273
6584
4247
7836
2134
3304
2774
73
7869
5114
465
5244
7695
3202
3057
3826
5571
1357
770
2583
7970
4876
472
1616
3999
4266
3253
735
6473
1821
922
3528
2257
2984
3188
4199
1614
2329
2119
2158
5967
3601
3452
1351
1085
7067
7330
8093
5351
5425
349
1505
5809
7573
7158
8025
1527
13
4317
1730
2500
5034
1835
3797
6054
2400
1657
3334
4506
2809
1484
3890
4055
7615
2898
6975
2753
2651
696
687
2357
1937
6797
5750
6350
829
4559
3039
3088
445
4739
6633
133
4440
7056
1931
7028
2239
289
630
5225
5401
6160
2771
1830
7540
5339
4516
201
6016
1421
7494
995
3429
3696
5123
841
1623
5029
203
5512
6589
1031
4667
5529
189
4740
1862
799
909
5928
3430
351
6749
5182
4415
1852
7199
7873
7985
4141
5664
727
86
1682
4439
2524
2406
1859
6727
2234
2947
8013
1948
1626
461
4756
3850
2461
3244
6496
3233
4104
3904
2911
1096
5075
1016
2944
4986
1524
497
5946
1761
1487
220
6452
6138
2627
2277
7776
5140
2459
310
7719
4615
4734
224
7102
6275
7128
1435
2965
1825
3844
7579
4665
470
1596
6941
7733
1352
5805
2335
2046
5733
3848
2917
3864
2304
21
4052
6547
2045
2934
5426
4143
7293
6931
6690
145
1566
5647
5982
2217
7548
3692
3949
526
2576
605
4262
933
5958
5391
8083
5209
4725
5702
1345
993
7507
4275
4410
879
5014
6967
3152
6631
7046
5374
4918
1737
3389
1579
6459
6152
46
4478
4803
3301
1519
5918
3110
5475
7482
5773
7246
3338
1873
4417
2682
4777
4770
4453
504
857
3229
2002
1956
5501
1312
1930
2940
354
5071
962
5443
2760
7509
2789
4646
7417
3593
3028
2588
388
7920
6070
118
910
2109
6159
5300
1717
6774
6228
5095
1246
3124
2238
5570
2053
3827
4656
584
994
7389
2168
6393
1420
1189
1297
3485
2413
1975
3915
6097
6738
6108
5378
6217
3931
2572
6181
1793
4934
1048
5897
8047
2692
3397
6387
5815
6854
2993
6573
5619
1493
7712
3610
5414
2287
5390
3715
1553
873
7816
3342
1272
7822
6708
936
4582
5217
7278
5541
3806
1678
5255
4264
5319
2233
672
4567
4169
6536
7239
7829
5870
7324
730
7442
5536
6042
3241
8021
4001
6825
5577
2532
4183
4933
6977
761
5618
1629
648
5819
475
202
5901
6955
3434
5490
272
6269
6486
3443
6450
4447
6821
4309
7810
7118
1149
1326
7786
3815
7802
893
7532
1047
1372
3416
1745
6677
3303
1699
7356
8124
7987
1764
168
2464
93
4411
4800
6090
1509
4970
3919
2218
3145
1782
5003
3328
5394
2493
4156
1687
6003
7899
1855
5684
2788
4655
5796
6698
5841
1842
7648
5514
2858
4632
7044
2545
1423
5592
6263
4766
7864
5119
5252
1811
3093
5608
3376
3569
2191
4761
3951
6454
7723
6053
1142
5604
4652
4648
1108
7652
2092
2716
759
1252
7815
1426
2674
3206
4362
1978
6504
5685
3423
3070
5314
2137
7407
1390
1468
5732
4542
6234
1405
2450
4523
3589
5879
627
4629
4084
668
8069
8125
6767
3785
2088
3673
7148
2358
5330
5352
1087
4903
7285
5520
5828
1982
3861
3586
1192
4830
415
557
3099
1839
739
3587
6703
4622
580
3846
2399
1374
6820
5724
5902
7650
640
7628
1933
942
4340
4365
4905
335
1564
1134
5655
4875
3918
3271
2915
6628
1080
6987
4930
6542
7828
563
4011
3902
1955
7277
3809
2082
3633
717
646
2091
2201
657
3675
2054
801
3333
2449
341
1965
3755
3457
5812
7014
2070
1210
4074
7675
7732
4736
4360
4925
5540
6257
4080
3637
5454
3278
6339
3250
6361
5332
8043
4225
5686
7857
3109
4507
3055
5699
796
2662
42
4429
292
3198
6253
6865
3162
647
5833
62
1480
5149
4131
3733
3464
1698
965
1588
1836
4330
89
931
7365
4939
372
1306
4809
2148
482
6126
5973
2558
7791
1000
822
5050
7871
6576
6660
5545
4163
1470
2313
948
3805
4633
2817
5464
4616
6086
4267
5757
3698
4399
1496
6364
6061
5226
3881
3407
3069
917
2445
2706
4388
7313
6789
741
7253
2267
1438
4947
4767
7848
1750
6338
7298
4029
6803
3876
6612
2506
3168
2952
6634
5074
5509
5614
7200
5781
3613
2011
6501
7059
3185
132
958
425
4057
5261
3120
6189
5370
1489
2813
2876
1060
966
463
391
2877
597
6435
4907
6622
3771
1259
6506
4674
3807
6762
1952
2782
48
2688
176
7674
6543
5554
3060
5148
4606
5018
1868
1651
5076
82
4937
8109
1
531
6475
7571
5800
3777
4517
6812
7133
4724
3775
4944
1767
5743
5294
6186
7736
3534
1213
6324
3710
7812
7665
816
4745
5594
2225
3985
6161
5852
5400
2702
7287
969
279
8065
7084
1630
6994
808
1039
4475
1520
5366
671
2475
3631
6439
5607
2281
5057
1229
856
4883
1829
4841
3368
4778
5070
3653
2010
4954
1665
5066
1800
2391
6512
2432
545
5033
7171
3053
4260
3682
4100
1508
135
6685
6823
3853
5280
2365
2144
5056
2227
7035
2443
2296
4857
2695
4421
1135
625
7640
1001
4846
256
7673
346
5581
4792
7280
1055
5393
4787
6935
1068
2699
2723
5915
7586
721
2280
5680
7885
4477
6320
1567
5418
7488
4508
165
3201
4132
2652
1949
1167
807
6032
743
2127
4245
6860
4687
5663
6577
2916
7146
3141
5375
7467
6638
4749
3036
2317
6624
5183
2637
6280
5492
6713
5660
2609
1538
3306
6085
3401
7474
1613
1770
1443
2949
4455
5098
3568
7357
242
6256
3091
2414
5675
2994
992
777
5770
350
5141
6522
7395
4101
7460
5550
7637
6472
7032
592
6455
950
3734
4673
4902
5407
7882
6410
7553
6521
5951
4311
4695
8032
4301
6533
1742
2590
3671
4679
6092
7426
868
581
6030
7645
173
1292
7472
3283
6606
7492
2611
5834
2466
4820
6795
7840
1783
4315
7907
1344
3920
1095
3446
4224
2441
4779
4773
1911
3657
266
6374
4509
1143
6494
1823
767
6999
786
7702
7528
3167
4751
6289
7501
5365
1763
2022
5049
4816
2989
6911
2383
7498
1400
1278
8022
3243
5106
4414
5593
757
509
6963
3486
5959
782
6376
818
5097
3548
1109
5172
5306
5117
2805
4341
6242
3083
3065
7114
3645
218
5146
2816
2455
4321
6721
7739
1898
4368
1882
378
3895
85
4434
1718
4488
2856
4072
3961
1202
2964
5084
3565
6014
2248
7383
2245
2263
2751
1299
4152
6141
957
1856
7250
276
7425
5445
7546
5772
1935
7030
3624
3577
8011
3102
1483
5785
3664
3405
1843
5285
7763
7086
5533
328
1907
1071
2491
398
6484
8053
3384
2624
1974
2928
7789
2006
4404
5456
474
952
3293
4343
105
1288
4202
2787
1517
6938
7319
2552
1446
4534
6816
4594
1711
1669
7642
1545
2386
6870
5484
4548
3621
3018
7311
719
5221
804
6986
1102
5741
6724
7668
7766
6877
2128
5573
402
5334
4568
7981
3551
7837
2243
8055
221
4134
3260
353
4302
4325
3654
2680
4889
5234
5935
1691
5264
5476
2161
2415
3546
2072
7536
2780
6254
164
1187
4798
6764
3001
4246
5674
2000
951
7441
2497
3349
2867
7515
5104
1608
1391
3811
3151
4157
101
3971
6969
5794
4664
6769
2580
7630
2117
1263
1878
1841
4663
3925
4371
7461
3810
6098
1991
5768
945
788
1602
5215
4059
681
6102
1987
5180
109
5496
4384
2438
37
1640
7574
2711
2975
2501
4592
674
4359
291
98
2707
3743
7257
6196
2565
3149
2196
4111
5143
2420
4038
4288
2099
5564
3272
573
64
5778
1032
4385
7405
271
3318
239
2375
5011
4351
6321
4200
2503
549
4173
2388
1462
6581
5151
2250
4859
3146
973
2834
7408
2832
1667
1148
5246
59
1649
1163
6770
5338
6233
4383
3542
2538
7938
6156
5588
6730
3174
1445
3086
4160
4562
1043
5978
1221
199
6373
4807
7047
2992
7397
3166
1337
361
3455
7350
7480
7388
7855
6301
6899
6112
3259
5284
1475
2499
6111
548
5022
5737
3412
5730
7686
4339
765
571
5858
4155
6407
234
153
54
1159
4456
3362
3833
2694
5080
6608
5127
4614
2338
7792
5188
2247
3327
537
6627
5527
898
5823
7149
4794
6149
4210
5508
4583
4286
7000
5448
4277
3622
5687
4698
4763
1355
6882
7063
3802
28
5970
3940
56
5193
5565
997
4381
5024
2654
1760
4079
6405
5582
2955
436
205
441
6312
699
2827
1848
7083
888
3496
316
4856
1037
3400
6855
7653
2628
7351
1720
3426
460
5467
1433
6150
1891
3308
4964
3164
929
6520
1847
7747
3996
6649
5137
5552
4274
4555
2041
5787
899
6646
4089
2623
6936
1147
3984
2884
5889
6278
6947
4287
1966
3340
1402
2562
2030
7806
3373
3463
6910
1018
336
3059
2039
2226
3390
7905
6639
5408
1622
6031
6939
2661
1455
7147
5323
4831
287
1170
7386
2435
7316
6479
4743
4688
1053
900
7225
2485
187
3000
4297
5813
4279
7863
6121
3160
8075
7197
7513
3822
815
5596
1797
8094
6175
1328
6595
6200
4888
1635
2424
1833
4204
3954
3023
3615
6022
7476
3499
884
7926
6514
2468
4036
5491
7191
7448
1540
2114
4956
2941
166
5961
7683
6241
7095
1674
4091
5480
370
4205
7992
7795
6068
4569
1063
4760
5789
4257
2888
518
7800
3087
6125
5135
1092
7353
49
2065
6978
2098
2183
5164
8066
1791
2649
487
1243
4448
6258
3113
6456
6777
390
3575
8070
7363
2547
619
7109
4810
6851
2763
5048
6420
579
2349
794
1395
6709
3555
7749
1377
7155
6334
434
2052
4595
6383
5950
3595
7904
511
2667
1744
4504
342
6596
3753
577
2836
6458
2560
6176
7982
3025
7746
7526
8042
420
6400
7487
6497
2564
6224
330
4657
5528
208
7850
7233
4280
4017
953
6500
1768
6949
6919
1088
3107
2035
252
3462
3832
904
4843
4544
5662
4162
666
1343
1689
1287
5729
3793
7819
902
6170
7980
3679
3532
5865
3094
7760
5311
4044
3691
1184
6296
1295
3649
3212
6309
7880
385
5202
3763
2252
6194
1970
7979
2374
1172
834
2323
4759
524
2740
5583
3097
6672
7651
6881
7244
6017
2021
1642
8012
373
1913
6771
7050
2135
6276
831
883
5283
4027
3122
3378
7230
7305
4019
174
2084
7973
2412
6277
6179
1136
5524
4041
6365
2042
6453
7317
7922
728
4491
1205
956
7755
55
269
7282
2581
2663
5099
7100
677
4442
3582
2568
6946
7728
7015
632
7421
325
7666
7921
2567
379
4828
582
985
58
2896
5598
891
3522
3408
6283
7658
4236
2764
231
6282
7838
3483
4712
1526
5228
5735
7752
586
2408
7178
507
6412
6508
4494
6135
5966
7127
7931
7565
5198
142
2171
4077
171
1677
608
5547
1897
6990
578
377
4597
5808
1680
29
5004
1437
2031
5233
6219
2314
4735
7696
4589
5925
322
6462
4960
151
7961
3449
3897
6756
4154
779
6363
483
1078
4030
5237
427
481
3808
4178
1865
8045
2393
4344
5157
4419
2418
5324
1386
8072
7971
1615
4938
3495
7798
3966
638
5717
7995
492
3285
3161
2262
7207
4765
4551
320
3717
7988
506
3798
44
4207
7411
6
2411
7662
426
2818
1449
1732
8135
4087
4879
2533
6388
7516
7235
3683
147
4533
3385
928
7830
2946
6973
6525
855
2837
6540
4998
4540
6483
4423
7325
6745
1035
1427
3406
5020
6287
1832
1340
5873
419
6285
2845
2973
1817
1805
5936
1940
7990
383
5363
5584
4304
1618
5245
678
3598
7672
7689
7252
1200
6891
5716
5846
2954
1634
1557
3619
1813
3960
4291
5077
6162
4334
3422
7398
5849
3738
2472
6091
1796
4590
6957
5636
3247
3758
1291
3320
3139
2841
2569
2146
2470
4564
7649
1257
3237
7002
4579
737
3469
3479
1419
4911
1195
2697
228
1945
2380
4198
4880
4781
1023
1224
7268
5079
2008
309
6390
7205
5082
5941
790
4471
6019
1518
7027
3358
732
6340
7523
3106
3248
7281
865
2979
4217
3453
4450
4785
1801
768
3871
3507
3191
7113
6447
4720
76
3158
4024
1130
1881
4249
1611
2903
1479
568
5649
5036
6798
6239
2587
3240
2835
5214
4222
2477
1803
3134
724
6852
1684
5459
4103
1041
4401
4704
3958
7011
7757
2728
1046
2068
5769
772
5857
2772
2210
8087
6433
5089
6279
2656
1992
5756
6177
6225
6545
1075
823
3502
3438
2549
2687
7224
7978
8049
3632
5274
8099
2655
1473
3480
7902
1058
3611
6527
1537
5485
517
1985
7180
5116
7818
2904
3901
4677
5578
2936
606
1741
6330
3744
6574
6197
3111
2034
6271
6902
263
3903
3723
6502
7307
6490
7247
6398
3852
177
8063
3823
6996
4626
6267
2770
1719
7626
2730
5156
4102
1988
4618
961
1962
7168
4989
7591
7833
3104
366
744
281
519
3896
1743
326
2843
2428
1923
2998
817
6976
3352
2488
7742
711
6261
3544
843
1002
5831
7231
4630
1580
7600
2575
7182
576
3562
6758
4050
2103
7156
567
975
264
111
6965
1583
2923
6686
1284
4226
773
3747
7601
2308
2044
2739
7941
4873
927
3591
6565
3703
4348
3493
5207
7588
5862
7308
4836
5037
6705
2592
4639
4256
4744
2198
7884
6953
2074
35
3933
3478
2750
5349
1255
1120
2522
3381
3816
5711
442
3854
68
4708
5356
4753
3572
6342
1154
1185
844
2404
4425
6743
4650
2170
7334
4096
2847
4916
1347
1315
5668
7942
5293
1664
6880
5457
4350
4031
4920
6343
2599
7748
6632
7677
8113
7162
7622
6637
3467
7337
3662
175
131
2743
7359
5167
1598
2220
3943
4171
6211
1267
130
1220
6059
7716
1410
5322
8002
7577
1904
1316
930
6600
6443
2431
7952
1233
2096
2724
5786
1628
2556
5963
570
2115
5977
6295
3976
5883
1529
7140
7368
6889
5513
7039
4610
6694
6588
3701
7315
6846
3263
3193
2894
5718
7090
6314
4124
1668
260
6245
566
1815
1696
3437
5035
7534
4860
2012
3418
5498
72
3187
3459
2483
1972
2200
2307
2852
3824
7435
7916
1716
1804
3473
3913
1884
7137
2303
5138
8056
3571
1157
734
7173
5878
5040
954
4140
5530
2028
6341
7446
6246
4737
3525
5493
5853
2156
7499
2976
3420
7237
3252
4941
3433
6478
7452
359
845
4133
6905
5886
4194
2804
5250
5437
1461
8068
6711
2106
3137
3722
6549
7925
8108
3677
2049
5779
4649
4098
1174
6119
1908
755
897
926
5942
5247
4110
8112
5062
3037
3640
5105
2528
4097
1151
1325
4748
5054
2462
653
3288
4149
8051
4546
494
5908
2204
5937
3757
4972
1757
7906
3707
163
4186
2784
6210
6467
6583
626
3194
1502
1370
4496
7951
3005
915
5763
2407
2914
7327
1094
6742
7169
5341
5142
1810
4318
6251
1617
2953
4967
1116
5483
722
7583
3635
4541
3659
1780
360
5920
2095
775
6550
123
3830
5145
4293
5939
7969
607
3393
4608
4218
1270
6509
963
2745
358
4791
5765
5287
368
3011
7142
6890
7366
3959
3157
3728
3095
2312
4208
2540
2712
8018
5232
1302
411
805
2394
7020
3567
4815
5814
4621
4346
5081
7409
663
1943
7396
5630
2969
892
6237
935
2870
2273
7770
6358
2029
6029
5155
1584
662
7097
4129
4369
991
6290
3456
285
2513
4372
5673
6964
5197
4310
1938
3242
1512
811
3170
4874
1747
4138
91
595
6123
2606
190
2942
7413
6401
643
6966
1334
4460
4738
3029
1554
7605
4014
6375
7355
7154
4386
3163
4684
5782
6067
395
2232
3230
7844
6305
769
2748
6145
5677
7520
6695
572
1407
1463
6779
7537
7611
6556
367
2571
1822
5442
216
7269
3461
5504
4230
1788
5822
1914
1396
7918
7793
673
5984
4897
731
6617
2865
1607
4468
401
3178
2690
1790
2718
5059
5173
4295
229
2229
4693
3790
6519
5144
2742
5726
4885
1286
2484
4484
2331
2080
4485
7433
6223
2141
257
3215
849
4312
2423
2857
1759
3189
4833
3849
1890
3535
1650
3208
6906
7221
7578
5706
4884
5632
1633
7070
4980
4995
7196
1375
5844
7384
248
5133
5760
8079
7581
1918
8007
7849
3644
5458
1572
6009
5263
7561
1133
5539
5884
7434
181
621
4370
5700
5005
6759
5012
3796
1695
1442
4578
5055
7569
1996
8014
559
2361
695
610
1428
7879
7710
2844
7303
2140
3581
3004
6723
1934
604
3224
5169
4422
4690
1354
863
6868
7503
6315
971
4981
4329
3466
94
6858
3225
4752
6746
4457
7700
3159
7908
1889
4796
6205
6732
3585
2542
1118
3071
6707
3634
7453
1317
5451
5112
7531
5377
3017
20
887
2848
4389
6284
5710
1024
1388
5210
1175
1525
5575
6897
5558
7320
1794
502
4170
3204
1646
6212
3990
1778
535
8122
5874
5784
650
6716
3831
4607
6062
1235
5481
7632
1704
3497
3213
2700
1653
1239
4686
2324
3655
5359
754
4487
6488
2327
2618
5574
193
5331
53
6647
6333
616
3481
52
4915
5094
1592
4901
4527
6669
5811
7761
6780
6934
5615
4361
797
162
523
7484
6951
7684
5406
6602
6718
1066
4975
2489
4472
4269
3765
501
3594
5775
1190
6281
3489
1397
2797
639
1314
4190
7909
3839
7318
3616
6040
3181
918
4518
6201
2988
3804
7296
1324
6445
6299
78
3603
157
661
4783
343
2605
4058
6215
6888
941
3779
7055
2113
5371
3533
1248
7161
3343
6875
4524
2828
3329
1798
2150
8092
4056
7610
104
4005
718
1574
1530
7547
5211
6231
340
2376
713
3752
7545
707
2086
565
4187
2720
6818
1586
6039
2948
714
866
3992
8064
1753
3732
447
7429
4438
1429
1994
6784
5170
6012
3002
4289
3529
41
2063
50
7068
6832
2452
6916
1214
6943
2451
1113
575
5817
5318
1604
7730
5444
2426
6464
6144
840
6114
1072
4952
3891
712
716
1779
6366
742
7781
1222
3150
4107
1703
4161
7038
7901
2190
2997
7326
1121
1589
6620
3266
588
1201
4407
7159
6922
4252
2995
2110
3974
5381
1980
4164
1941
3494
2733
6344
2546
8097
7596
3046
227
3506
851
1969
7362
5633
7845
5447
1879
8009
1548
5386
6041
4898
4609
304
6760
5599
3583
3756
6166
5771
3927
5622
7186
6571
6835
1846
1380
766
1089
150
6357
2929
2175
6243
2612
4643
4835
6700
2684
3273
5964
4963
5847
4713
6020
1809
1411
8050
3618
5179
192
5230
5388
3989
3472
7731
5721
6034
7403
4772
1131
232
2613
4119
6128
1350
6335
1990
3917
313
6551
1227
8090
6082
762
3138
5746
763
2970
3921
2666
5297
778
6106
6409
2584
2801
5872
1863
3312
5990
262
5580
6693
538
5431
1499
6944
2596
1368
1128
4303
7053
431
3335
5783
4294
5482
2744
5643
1549
467
7279
8088
5239
620
18
6047
136
1150
8019
3868
934
5121
2382
8020
4042
7220
3359
4492
7935
4611
7602
5290
5344
7
3403
106
4521
516
4025
5976
4015
5282
1064
7606
7903
1482
2442
5093
7575
6273
5373
1044
7823
6158
6180
2829
6945
2203
5478
5392
6903
2963
2550
982
449
5189
1624
7839
3660
1754
1647
2824
3711
5681
2582
4886
6790
7853
6534
2219
6808
406
116
7087
5620
7227
6681
6221
6356
1240
246
5420
1676
2971
8059
6430
7404
3964
7085
7329
3778
1406
7750
6021
7497
4628
6992
6873
1033
7082
5561
974
77
6083
6045
4545
2230
2529
480
4076
4653
5933
4181
3742
7911
1300
832
4227
2372
4596
1866
1808
5158
2615
5165
6674
5015
6345
206
3955
5553
1571
987
1424
5551
1951
2056
6972
7322
4073
4121
305
6619
7401
2607
5051
5271
6763
2016
5777
5579
7552
7948
5679
1709
4377
473
1394
2090
1348
4082
4982
7801
7525
3488
275
2671
4617
3270
5940
6717
6805
197
7775
6495
5638
2962
4035
4709
3132
2510
5298
5945
920
5795
6037
4437
7495
4185
6457
1036
6673
5696
2577
4733
1477
387
3435
4357
1338
8095
6286
4195
5327
1387
143
2632
6933
6075
3052
3512
1877
7958
4962
8029
7799
5969
6432
3078
7506
4519
7092
5238
108
5544
303
6792
5118
1896
2819
860
440
5836
3928
976
5896
4532
4585
7096
7767
6360
5385
7333
3818
633
970
4123
3946
4396
8000
3310
2104
5171
7734
6995
7986
5736
1516
6385
1722
3724
4255
7189
906
3605
5856
245
6101
1140
6811
1919
1795
7393
5060
3105
8026
8115
8048
237
3556
1007
1225
2
4408
659
5342
628
4996
1162
6869
4466
3731
1546
7215
2292
2634
2122
669
1280
3424
4342
7064
7631
3501
5161
1481
3835
634
3314
7456
5845
6422
5701
4775
418
6962
4432
5586
1494
1441
1900
6864
1244
2735
4811
2463
5957
4299
1886
6726
3008
2502
7751
6327
6659
7391
1020
1119
3538
3508
6735
7542
3760
1256
3604
1658
2657
3988
7338
5855
4206
8076
3870
3341
1247
5487
7089
6055
8016
3814
8027
4681
795
6107
6511
2675
600
3116
7894
1547
7204
8085
6396
1932
6065
1146
3558
7851
2721
5913
7996
3545
3040
240
5289
1059
5006
4587
3886
5597
2362
2381
7854
4909
2043
7663
1269
2320
213
4012
6084
6585
4851
95
7290
4795
3016
2295
8060
6080
5415
618
1888
3579
6272
2014
7811
2360
2864
2385
5163
911
26
1973
7737
7641
684
3543
7376
7332
542
1875
3210
4979
16
4489
7283
5026
2181
3935
3409
1253
319
7111
3643
2017
4868
8030
3072
7944
1789
5503
821
908
5566
676
7512
3656
7638
2791
1171
3030
3511
867
5463
7496
5767
2933
6164
1845
6844
3588
4573
847
3413
4929
7772
4591
802
2866
5644
7826
2192
7465
1749
3307
6529
7598
5212
5235
629
2037
2907
5439
6449
1925
7170
5200
3856
4675
4812
7821
1501
7567
7524
2366
67
3670
1503
3840
329
3885
7201
6417
520
7671
7927
5810
7874
2732
4338
4899
5572
5450
1681
1638
7759
6109
7831
17
2972
7530
3051
3859
7377
297
2474
5176
7889
1100
5267
5088
8074
2398
3608
3044
4237
6739
6833
2417
6930
7270
2853
3767
4602
3154
4290
100
6052
4987
3228
5698
1217
4033
733
5260
5690
1746
5640
3599
885
38
4605
5424
7054
7983
140
5398
5894
317
6900
8003
6274
752
2645
4263
1971
5692
5742
6116
2987
7934
1472
2136
3786
3773
212
5635
1226
6028
2796
3862
1510
7541
5956
6043
1543
7538
5881
4757
871
2593
6824
6513
738
6843
4716
1331
1028
4892
5666
3979
6049
5213
6751
5288
4604
1050
2160
8017
2785
486
2808
6476
1285
6701
697
2153
5601
1310
2285
238
5867
8128
2301
4950
7592
1979
7594
4461
381
5734
2353
7445
6644
7491
3226
2746
3220
247
6337
1631
5147
5975
4153
5236
127
7788
2494
1430
2269
7535
7381
591
2775
63
2283
4829
4053
296
3916
5091
4834
4271
5748
2142
4951
3550
194
7431
124
36
5269
7058
8103
6915
5120
2184
7043
1294
8120
3027
1536
6544
3910
7827
5134
1486
7331
6291
1600
5
2913
694
7392
4535
2071
3009
6174
1215
4877
4197
7124
7025
400
3032
5279
1271
1910
3084
3221
485
6623
5470
1241
4866
43
318
813
7612
5495
1418
2851
1436
6878
4906
6563
1237
5900
2379
6048
3382
3580
7012
2355
2467
7400
1858
1887
6616
6867
2369
2855
830
3680
2939
3014
2756
6134
923
468
6748
3882
2650
499
444
5065
1308
2058
4497
92
4563
6421
6691
3867
4746
7143
1478
5669
5747
7240
4105
1775
7473
2448
2833
5751
2579
4354
1599
1019
7121
6088
4387
4095
2297
2186
710
7570
561
3357
7479
6607
5704
5922
4498
3889
3893
1431
7867
4112
5776
6236
2202
302
6394
3665
7077
1854
6063
1070
2266
1590
7824
7950
2570
1456
2807
6122
5876
8117
1929
1710
5187
6142
5150
7172
2508
7888
3092
6391
7500
7780
2630
7295
4037
5538
979
968
6670
4083
7437
2378
2300
2130
7551
5013
7753
5038
6879
4983
7194
4512
8041
7681
365
430
5102
1582
1578
6898
3651
2025
4436
5132
4515
7335
87
2626
7187
7843
4070
5887
1591
2783
2155
986
4827
3197
7923
7820
3234
3748
4013
1721
5340
4114
1320
3015
7711
1152
1663
6379
4755
1012
2920
6753
6118
2842
842
7861
1559
540
1762
1378
4553
5413
10
1968
1111
1408
1555
2825
6842
6528
8096
3364
3190
3769
916
2001
97
7895
6618
5218
8067
5500
7352
211
5185
188
3639
6785
6232
6942
7835
1453
2224
6845
3290
6924
3200
6656
5824
3173
3980
6863
1158
921
5991
1250
6255
117
1679
1585
7075
2505
2966
7080
6303
5532
3292
3396
4261
2601
6154
7273
2932
7072
6413
3186
4452
8037
983
1103
3667
1939
4894
7123
4069
4719
69
6419
4145
5861
1513
40
1511
2397
5309
3994
4721
3313
2676
7254
5931
4786
5421
670
864
3762
5909
1834
1451
7017
2541
2422
2339
5125
3121
7051
3296
8028
6331
1025
3872
4754
5713
3530
5981
2520
6002
6089
3547
6079
955
7771
2555
3623
5837
3077
2129
2967
7103
3207
4061
6706
1097
1166
6093
4444
7807
7897
3042
7887
7078
4565
3337
4966
7264
2123
7132
4
4235
644
2509
6348
5085
2139
6227
2425
3291
5875
3399
7010
6298
7785
311
2259
5357
3713
6968
3689
3907
7216
3281
3404
6983
7420
2554
3214
7868
6137
1349
3195
7276
3305
456
4090
6444
1544
2062
7890
4510
3135
1296
113
6038
7870
3750
3892
4010
1321
5008
7135
6925
7459
1961
3066
3451
6615
1290
1006
2087
8081
4928
2591
7486
458
5621
4092
1383
6810
6460
5433
1434
6535
1906
665
2616
403
5305
2504
1101
1942
2736
1353
6653
6937
1369
7120
80
7963
5842
654
5468
6007
2371
7685
2377
3953
2595
2165
2439
2868
3075
5360
3085
4588
1814
4064
2264
4936
3498
4977
5992
4882
3764
355
3617
6105
4021
3482
4706
7229
6103
6402
3245
7560
1009
622
45
4927
667
6952
7367
2254
4043
859
6213
286
2286
1356
7930
1417
4638
4520
4168
4732
2469
7597
2246
3246
593
2823
599
7373
3573
432
5256
6652
314
2977
1816
4662
758
4026
4430
1899
7518
167
6313
611
4446
5257
3626
691
2143
5905
2480
2336
6316
4259
6259
514
8107
5923
5320
4999
6139
27
5629
2622
5100
837
6754
919
1127
6822
6667
6235
435
1260
1216
4556
2395
4696
6411
219
4454
2231
7449
7289
5430
2765
394
4283
6077
2822
6026
6871
