2020
5684
587
3983
4200
4592
418
5506
6319
4883
7388
7192
5912
5881
6674
431
643
5849
3402
38
4068
7157
1443
759
1287
5662
2090
1028
7872
5357
6115
2802
7204
1340
1724
3015
7969
4771
3196
7004
3742
4827
5600
448
6558
4846
5653
1991
412
2043
2170
5667
68
41
2971
145
4023
7536
6170
2205
3987
2003
7190
5427
2686
3669
1091
7438
2096
4854
2419
7122
3703
6045
2053
4254
1944
5173
6650
351
4857
5810
6619
3866
5276
2924
1700
5446
5759
2744
8052
5620
867
4744
4902
7272
5204
214
6358
2456
6934
5407
6290
4447
4803
8133
1187
8011
6625
1629
4639
5787
2014
5341
7887
4358
6455
512
6539
6576
113
7111
4690
5175
5194
761
6160
4425
1627
6184
7171
3393
4566
4723
2636
7260
4028
3510
1493
7592
776
7928
751
1565
5585
3132
4927
1230
7182
1887
4517
1995
5075
7369
3562
7008
4668
6630
2859
1491
6824
2818
1304
6305
6233
7900
1341
1051
2497
1953
1687
1658
6048
4243
5428
6813
4693
1394
7136
2336
2118
6114
2377
4174
2045
7907
212
6595
324
4780
1029
1872
914
2715
5791
692
3057
4500
7135
5891
5207
2683
1557
4755
4864
5967
4649
3259
4401
4867
7669
547
1015
6790
6677
5847
6340
217
7051
283
7199
4554
5628
4931
5681
2763
5067
5559
2969
7342
6652
7293
3900
6622
4974
6855
3700
3140
7186
5996
795
2139
5135
975
8055
6392
2467
4190
7914
192
1121
7179
6133
6010
2140
4582
2470
4136
5019
2944
6884
3461
638
1523
3204
7947
5942
1916
94
1976
3037
5368
6022
5229
615
2002
4000
1500
6742
1748
1402
4914
4360
6890
4751
3875
5468
7896
3483
4871
6961
3438
1335
1248
514
2289
5876
6475
3154
2524
1634
5521
2348
6302
4604
763
3022
5253
3960
7402
2147
1223
4947
3186
8069
5944
6785
2936
1437
5322
3330
5557
3762
8099
5462
2319
3125
545
379
4960
1021
7785
3863
1293
6157
3788
7234
7933
3872
5795
4392
2543
2681
7046
325
4580
6976
7300
5437
2108
5217
1043
7525
110
1827
5664
3666
5157
7777
1624
3486
2955
7068
4788
500
2134
206
6797
269
2803
7286
1720
7417
5470
502
1919
7150
506
3198
1669
1458
3701
5003
504
6046
321
5245
7145
8031
3533
7664
4942
2343
6521
240
3988
4503
1464
5943
3618
5524
265
2815
316
1607
1258
2604
137
2703
7879
6974
1486
852
1072
158
5192
329
954
825
2058
6075
4415
938
3203
5312
5291
4761
5554
7770
4591
3044
2188
318
7277
7588
1596
2798
4859
3804
6919
5595
2387
2747
3918
6327
6935
4291
7233
2869
7222
7782
4686
4892
387
1609
6094
7106
3888
6084
5258
2597
4683
565
1086
1884
1141
7869
7148
4858
3475
5405
7740
7215
7378
898
2537
6951
7902
3505
7040
1601
314
5640
6097
7929
1508
2843
1094
1569
7886
8005
7023
7930
5565
5058
3078
1136
7799
4579
3295
2312
1668
1068
3518
5438
3628
1268
3724
5178
4284
3822
7019
6868
4734
668
4439
2102
3029
7651
4393
6100
1492
7646
5983
1649
4641
2957
2293
1883
1142
513
6316
1650
487
978
7455
3098
5375
4456
4318
2792
1069
6257
5660
271
4141
7490
2346
3899
1164
1143
3846
5269
4677
3536
1690
4896
6713
6139
4922
6823
3327
4618
3498
6514
6416
4152
7989
3331
2677
7256
2833
3222
5167
7948
1259
4241
4055
2874
1554
5131
982
7317
6744
5926
4420
1188
4515
3067
1245
6551
4438
6522
7935
7704
2278
4417
4452
2892
7441
1811
3727
2429
6739
7271
5659
7727
7741
3363
7784
2716
3109
423
4915
2994
5105
1012
5036
4326
7084
2079
7565
2492
7791
5646
802
1672
6838
7765
7110
7781
2018
6342
1397
1711
198
7571
6068
3662
7005
5616
7690
6962
6616
5358
3882
5307
4454
1056
3903
6057
3512
3717
3390
8022
546
3215
2748
3551
1965
262
279
2473
5362
3569
927
8014
7633
2714
6628
195
2808
4735
3495
3975
4898
5391
5317
2131
3587
1147
5700
3314
2520
479
6248
6759
336
1323
5126
3568
3151
3640
7598
6165
3106
1972
67
4944
2728
2785
1699
1257
6212
5378
711
4320
116
2769
1343
4208
5898
6215
7351
5424
7143
5051
3192
1032
3906
5102
385
2197
3993
3602
866
4089
1006
4449
1790
4102
4952
1778
5903
7439
8063
3664
4302
173
6940
4214
1786
4647
7470
5962
2735
6278
4260
6008
7542
7092
5016
3714
118
911
7201
3836
7898
7263
6423
6369
6397
170
5897
2466
6947
3883
5635
3557
4059
2554
14
1643
1833
6190
3860
5987
8107
3504
1167
1781
3712
4825
1053
7451
6657
3625
5030
4394
3776
3841
2824
4146
444
4097
8008
5228
997
4499
5842
7156
1241
3830
1839
4736
5119
419
1878
3772
1858
5281
1766
4433
6124
6900
5279
4510
1125
981
6870
3279
841
481
410
7921
1031
182
3580
7442
2650
6454
3114
5761
819
6675
5885
7638
853
7950
6276
427
74
6183
1154
2040
382
2600
6509
621
5141
1131
169
2152
3629
7730
594
2249
7817
188
2797
2726
562
5888
1007
3121
6360
7269
4270
4971
5915
4071
111
6749
8015
749
4101
5920
3658
4207
1631
5387
6287
4300
1825
7236
7062
6560
6996
2680
1283
1204
2051
5613
6120
5353
4429
7535
7828
6381
7620
5619
6147
7044
3071
3848
7554
7821
6720
4430
2776
2702
4049
1480
6952
5334
7428
6149
7576
8077
6462
2849
3963
3833
4335
3707
2460
3508
5087
539
1401
7604
2684
1182
66
4741
2369
3749
4078
7366
2899
7416
7075
4575
6176
2984
7423
1321
4410
3275
7390
6848
1584
3079
6538
1235
468
5806
4767
488
6223
6225
2912
3885
1841
2445
7477
2949
3575
1003
7407
4989
281
5434
3013
7635
46
2985
6016
4988
2830
4704
2740
4423
3492
2110
4149
4084
3765
6177
6704
3874
2865
5373
7191
7713
4411
2238
5654
6017
4412
7029
6468
4258
634
2903
6128
2601
4231
1315
5980
5713
361
7721
2549
4266
6101
4255
6289
3654
1214
2284
2562
3924
3452
3268
3709
5839
922
5363
4464
540
1681
6244
3026
5485
3595
2729
7798
5993
931
6067
7992
3167
3036
5383
302
4822
6444
39
3553
6292
7123
1967
7866
7257
5705
5715
995
5001
6924
8037
2173
613
2882
1974
7863
186
1906
2980
6421
6901
2085
1873
2092
4983
1794
164
1137
4937
1494
7911
2973
5082
2558
3082
4776
7833
6798
1835
6928
5171
2232
7294
7155
297
865
446
681
1467
528
4760
3813
3031
605
5290
3418
5718
1957
6116
553
5289
3158
1018
1555
4658
1638
895
4165
8044
6051
5727
7621
2001
90
4373
5984
1400
4416
556
5367
2217
7433
2404
1473
6910
7932
2144
548
7649
861
3623
5211
4967
3950
3834
7913
4794
2307
520
6168
3064
2094
4067
6393
2469
5504
7569
6914
876
880
6536
3110
1313
5429
3288
4077
2553
4719
764
563
1282
1541
4001
0
8129
6844
6670
5581
2141
4629
5409
6201
2041
4861
6070
6945
203
4850
2511
3034
3976
6779
2327
8101
2478
5050
7877
5124
4528
1183
4474
3133
2384
7657
3554
4322
5551
689
2816
414
7966
1104
332
3199
4095
3932
5692
812
5712
4389
1116
2555
4911
5264
3586
2065
5726
6222
1472
2828
295
1537
3348
4795
4740
6080
235
4178
5401
4663
7764
7393
5402
492
119
5882
6198
571
1020
7082
2862
7314
6362
1725
7348
4310
5822
945
51
4689
4805
786
7806
1834
6361
5695
809
7725
1226
3907
2838
435
485
6065
1975
2504
4506
4815
4199
3678
5047
6573
1908
2578
6108
3783
215
4215
4703
2657
3524
6668
396
261
2977
1611
7357
5294
49
2613
4314
6685
4665
6036
6701
781
5333
3274
7626
542
8048
6774
850
2052
3567
4508
6937
8064
2388
6725
5918
6586
5853
168
6175
6757
6569
5176
7514
6146
6734
3427
554
2978
6788
4343
4186
783
6378
7643
1354
2357
3893
1881
1762
7700
3520
2378
334
2897
1135
4519
752
4222
4887
4441
1286
1868
1378
6088
2976
2049
5297
4732
1513
501
1416
7680
5295
3464
2675
4715
6519
3853
6732
3233
7086
3832
835
4334
5689
5973
7288
4333
727
2258
5808
6577
6030
7756
8093
8068
901
3803
3369
4513
5342
2750
7071
6893
2787
4853
6402
6512
8105
584
6351
6977
7185
7688
7409
6130
2602
6784
4041
2326
1735
3238
3319
687
1126
1501
6706
7745
3116
592
4397
6605
1641
3550
3937
3825
599
6061
6138
211
775
4606
683
7000
5482
2610
4512
5796
6756
5525
5753
4764
3182
2182
1238
498
7951
3451
1281
4391
8120
1041
7254
4368
2509
7103
5449
6691
6748
8083
5530
7596
6531
7717
4304
5841
5439
1612
6085
6306
6417
2088
2206
5945
5863
2847
2765
7840
5205
2525
2528
3059
952
264
4262
3615
2575
184
1130
4407
7235
1821
3468
7245
7575
6196
356
7420
1590
2056
3864
7216
4923
3627
5450
7511
10
5318
3262
2477
150
7895
5622
1496
7832
8003
7336
1445
1728
8089
4806
1801
3005
2545
6447
5809
5913
2194
5055
1114
6789
2334
1318
3999
6469
6751
6623
6154
4786
6591
6959
115
837
97
1376
6755
2398
5274
4550
3940
1076
4538
2620
16
2455
2270
6764
7722
4336
353
1741
6371
2350
3360
1694
4787
4466
4486
64
3147
3285
7141
3019
2624
7760
5330
7750
6696
3179
2979
6141
339
7510
7787
171
1806
2706
354
923
3472
5488
4659
247
572
3311
5572
7757
6745
2233
3242
6383
7238
561
569
3647
2066
4248
2603
7114
4259
7677
1165
7055
6142
9
7899
5463
5296
3271
165
2022
87
6912
5121
7376
7227
1911
333
1077
7280
6669
5886
3850
5739
5234
7637
5612
7496
6144
7793
6782
7482
4912
4930
5132
7773
3797
1849
7889
6011
2385
5031
1351
1008
810
7814
1779
3368
7631
1358
4388
5964
6027
4872
7972
3545
5202
7213
6086
6760
5676
6478
5419
6314
4976
7473
69
4400
6673
218
5451
4247
2225
5623
1524
490
2947
4996
3166
1185
3054
2493
3561
5000
3759
7196
370
6321
1299
2275
4226
4112
3659
7976
735
4390
5453
6401
6593
535
6950
6632
5618
7564
1260
831
5070
973
814
2433
4633
5227
5153
3210
4747
6161
6688
1132
907
5658
5794
3412
8007
1871
4196
5974
7418
3100
407
4705
6354
5545
5566
4156
5823
6220
464
5721
1370
1784
5690
1383
5282
1420
4380
4402
7011
1439
5950
7324
6396
4244
5837
6404
6633
2621
3667
2463
2365
5189
4635
397
1298
3755
6827
6892
3224
7065
1355
5735
1980
6466
7941
2773
1717
1577
2143
6020
1095
8025
6376
6073
2654
7946
8021
3531
3455
7057
641
6640
2821
4754
618
989
3560
799
1719
1306
1070
4050
6997
4473
3459
4567
2443
1902
5604
664
230
1098
6750
7906
7139
4992
1708
4160
2935
4366
5005
2856
6279
3080
7661
2639
5237
6547
3547
4252
3867
3573
1350
2570
5323
6492
6711
3124
7531
3516
4096
5431
7766
1567
376
1836
3741
5480
3930
1788
359
7290
3101
4046
4757
5584
1988
691
1521
4211
7121
3050
657
5122
1404
390
5587
5331
7952
6232
4272
1939
1561
1146
1654
4329
393
4016
3087
5580
3614
1263
7515
35
4895
534
3366
5966
7120
6710
246
2116
2301
5319
4234
3660
3396
7176
6053
2392
805
2362
197
3526
4940
489
480
3422
7608
5878
1026
5931
4894
2055
4328
2988
5826
5871
7530
3217
1870
4053
6329
5850
7223
889
7714
6568
6390
3450
1893
4289
6497
6113
965
231
1943
2758
3442
2893
4573
1907
1692
5177
4701
7873
7658
2390
3376
3733
3246
5263
6787
7783
4730
3221
6367
2964
1886
3282
710
7411
24
7647
4918
894
1892
103
5927
4568
4581
4680
4104
450
4451
3638
3632
1816
679
1088
1606
2953
2082
2720
3389
2280
7707
6590
1331
4312
5344
8091
6956
7149
5785
2738
4198
2081
4225
3622
6771
4628
6194
5278
4043
3847
5465
3440
4345
4121
698
3453
1922
4502
5621
891
222
1588
3002
6064
1455
518
4161
7861
2749
3967
1225
2299
2693
2880
3540
3370
6965
1166
3956
629
4834
4048
3645
2100
2380
4384
3156
6252
1316
6529
5900
5057
434
7838
2103
5593
1390
465
5514
7081
7998
1054
4874
6765
4339
5722
1449
3916
1409
6728
7298
5507
543
3410
854
5348
6415
2922
6391
2214
2135
4724
1744
7968
1625
836
3746
3289
1197
4323
4844
7550
3922
7831
4171
5394
415
738
5188
7520
4009
3513
4669
2515
3439
3443
6425
2407
7237
4493
882
7826
453
4482
2267
1271
2801
690
37
6799
1479
5760
2432
4042
4660
5071
3824
1913
7667
2342
1478
6753
2462
7584
4865
7729
1487
2503
386
1333
7152
1885
2736
4118
5037
6617
516
4074
3033
580
6200
6721
1328
160
251
4970
4698
5982
4875
3193
3170
3909
1810
6791
4648
7650
925
4886
7509
7494
1591
2150
4957
3694
154
7981
5674
4034
2799
4040
3239
7158
4004
5801
2851
7924
6794
384
4884
1691
2371
7301
5268
2177
7083
3496
3588
7073
3280
4823
2861
7767
3969
3232
3477
3089
6209
1705
3177
4729
5053
811
2320
7743
21
3708
6095
3312
5547
15
2154
5355
1463
4223
6398
134
3386
7266
700
3672
7903
6173
4181
8134
4144
625
3563
2222
5288
1207
4094
1447
525
2
745
7521
1917
3546
4134
3113
6191
4646
6083
3364
1320
2244
6180
6555
7119
658
4324
3102
2941
3917
7894
5267
5955
2250
1440
7789
6775
7221
8023
7708
2556
7074
2653
1751
1179
6897
7448
6286
2257
3738
5068
7628
941
1403
1777
842
3808
7506
2269
4437
5097
7937
5555
1453
4707
1456
1990
5546
2240
3877
1083
3407
579
6326
948
5860
6136
1647
2770
328
7311
4183
5012
4753
4836
6412
7167
4462
6981
3061
5767
5725
7733
7893
6003
3336
2292
2753
3946
6298
6972
5487
7762
596
8009
6197
4012
6853
6014
460
4027
6181
1947
433
4926
7888
5321
102
6730
3172
5781
6554
1789
2421
3539
3413
4489
7876
4526
4349
7396
8020
6294
1058
6604
2713
4710
4906
3024
4986
4522
3361
5818
3572
2876
300
6280
5814
6516
6434
4840
6540
726
2247
6385
2410
5165
4727
6274
1424
6467
5597
2431
4650
7413
4271
3873
3574
3470
6921
7884
7116
881
4490
5091
823
6446
6707
3056
204
2086
6420
4228
5085
5477
1001
6256
236
3608
3997
2608
1438
6714
8024
6926
1219
1745
4572
7255
358
5364
6832
4963
2047
1004
3493
3356
3571
3970
815
7060
6195
7545
3497
5589
744
3035
1210
1176
1184
541
728
7590
2694
6322
1757
3096
4968
2626
6218
4229
1543
7203
7164
4813
2564
3234
3754
4542
5793
5440
564
6598
4769
4313
6829
921
7882
4297
1882
5069
1576
7500
4105
828
6132
3795
5418
896
2089
6418
3764
4472
3716
5991
6285
524
570
2491
3544
2218
5354
7549
284
7957
3165
758
4897
6227
1050
1855
2783
7443
996
748
7313
6359
2526
1653
7617
1158
2659
7333
1362
3626
5255
6836
4609
7731
6031
3564
1923
5441
1962
864
2063
280
2019
5072
5755
52
5617
4626
2771
5670
2026
3334
6983
3150
920
5579
4905
3517
4164
2951
6090
1024
4651
7030
3775
420
1819
4269
4601
7538
1211
5948
7503
5154
5022
4363
311
6489
7715
3052
8092
8102
4250
7712
5308
3485
7454
3511
3018
3953
5976
3962
3598
7834
6098
3923
5032
4286
1113
4525
5743
7916
2012
5246
3634
2187
3070
6263
7927
1912
2679
3555
72
3681
3648
6881
7695
1112
7508
3244
6463
754
308
4969
6026
4816
7786
483
4548
7371
330
3003
7867
4977
5137
2886
1389
2449
2836
6909
2006
6778
936
2835
7794
5007
2678
4172
768
7096
7671
5625
661
2516
3471
5231
2306
78
3338
3012
7848
7738
344
998
979
7478
285
4484
3530
2203
3601
635
213
6001
1071
7097
6723
6172
5315
2551
4356
441
125
1531
1981
3421
6581
6942
1514
7973
3951
4636
7944
3697
309
1982
5979
3134
4605
3814
1460
5038
4781
7444
5420
392
602
2316
4536
957
1265
4737
4852
4687
7577
6366
2323
2489
1950
937
1702
255
3750
2917
2113
6405
5433
7870
4061
256
5242
6368
6185
3642
3126
3272
3947
780
1890
947
2777
4596
4924
3190
1489
4743
404
242
7181
5015
1373
3351
3373
7603
3752
5784
5749
2916
6374
557
706
5827
1359
6042
1477
4993
7304
422
5314
6408
5848
8106
6843
6484
2149
1516
3655
6678
4700
3394
4868
6620
7999
5095
338
674
1996
7609
2425
2272
3537
4413
76
6583
7732
862
8115
7668
296
2025
8071
755
6495
1889
7429
697
1799
3466
5236
6431
3705
5879
2652
7025
1073
906
7754
4597
2128
3840
6768
6189
7107
3939
2775
1785
4273
144
4455
7405
5844
4694
3501
3365
7099
7691
2005
4616
2523
484
1421
3748
1828
2397
1092
5002
3807
6930
1419
7041
1936
3180
77
5560
4173
3609
3811
1307
3085
4268
5006
6334
7460
593
4264
7779
122
3091
3357
988
1526
1156
4069
5921
2630
1414
4424
5206
7527
1814
753
3300
1285
259
4395
6763
1817
7337
6104
82
5110
5471
626
1317
550
5754
3771
7619
5892
4139
7024
3670
2881
6858
5758
2417
3028
3108
7274
5327
4717
5887
6219
788
1550
808
5284
6117
4453
7824
4109
5615
2708
3541
4932
456
2717
7607
2704
785
1244
5829
6804
3291
6239
5815
7654
2305
3715
6709
7339
5287
1656
6783
7031
6814
3676
4470
5734
3978
7774
7305
2287
2737
2224
725
3687
7985
380
1375
2928
4511
2204
2339
3337
1547
1254
597
4514
6941
5108
1036
1997
5775
2167
1314
1457
5059
4623
1322
4344
3004
4688
7446
2054
6162
2229
2850
7805
2518
1791
2083
1685
3767
5845
6494
2809
6816
5543
1398
6445
7140
7629
2402
1824
1714
5083
5243
3499
6301
2958
4829
4331
6572
6548
5275
4711
388
6126
3383
463
3213
3009
6055
961
4025
5975
6609
4890
856
8073
7919
646
8126
5158
6805
3528
3214
5118
3690
5490
1623
2791
3049
6553
3142
5230
720
5990
5042
3726
8047
644
977
7251
5505
3219
7845
6473
566
4065
7807
4501
1277
6325
1418
2665
645
2153
6255
3829
5408
4350
2486
1038
7319
6032
6968
3168
360
3954
7753
4578
699
476
5343
7825
3713
723
100
7711
7338
1144
4602
7242
3674
4507
4026
3329
4586
2896
7516
7231
4006
4011
19
5908
5571
7601
7010
4763
5056
1379
5302
7611
6072
8065
4305
4492
5459
5851
5197
3111
2588
6530
5033
2501
2068
3065
6676
2813
5567
3436
5381
202
8
3384
2345
4832
843
6872
6508
44
1688
2441
4791
6793
1926
7352
7991
7198
2579
7561
1548
7014
1288
3827
5714
5092
1082
4148
7219
5592
58
5645
940
4280
1979
1048
6556
2645
5683
1465
1706
874
7855
4938
6121
3228
5020
6767
6991
7986
6482
7001
1707
1305
666
5958
7202
5426
3249
1049
5832
3760
178
4785
3081
2422
3068
5573
6738
4427
3968
1696
132
6308
5256
4213
4624
5544
6034
3339
1970
555
1619
1462
6686
8119
3388
179
4958
5836
5895
5379
2050
6992
6535
6259
7512
3350
7559
4587
7742
1415
5048
686
2605
1754
2221
5073
1357
1009
2499
2372
1845
4188
288
1476
2739
2210
1452
4111
2718
5917
603
3617
932
1677
2383
7239
3721
6040
2395
466
5371
6700
7860
5486
5869
2268
7612
369
519
5706
5677
8127
2450
4167
6129
3243
4478
8085
7836
5190
2895
5303
1386
3984
1832
5872
993
5023
1630
2832
2991
7189
4079
6626
6242
6826
7808
733
4221
5133
574
1163
4245
4100
5783
2179
3305
7258
5655
4982
3491
6918
163
7002
2158
7246
4414
6273
1195
7526
3596
1382
7960
3604
527
257
3630
4361
5104
5723
963
112
6864
2496
454
2104
2037
5028
970
803
1800
4679
4403
5750
956
905
7009
5656
5757
607
6153
3010
4405
5403
1280
4179
8013
762
2166
5687
4376
883
50
3845
2452
7761
6769
3105
6432
2468
6395
2064
7630
1509
642
6908
684
2185
128
5285
7636
7146
671
3651
4921
6511
7809
1859
4372
276
4560
4166
1110
4530
4267
3542
2451
258
6740
432
7137
1651
5210
2322
806
4233
1742
4
5361
601
2073
5959
2146
1930
1380
4838
148
5510
2071
3884
473
2625
4044
7125
6096
1964
7815
887
3756
5951
1297
1181
394
4133
5977
2008
892
3478
6498
4939
3644
6317
5778
4325
1510
4929
2945
151
4984
6150
677
3925
5548
1621
3543
746
3821
4569
3058
890
583
4296
7847
6261
2666
3248
8108
5516
1670
1880
4480
760
3446
1060
3148
59
551
6318
3683
5511
7648
1903
1151
3957
1959
4342
7067
2563
8082
2309
5633
3429
5934
1127
6504
5744
6878
8016
3800
6600
1861
7232
253
1915
586
5651
6758
2228
2127
1381
6684
3758
6171
1290
2513
5694
5703
5528
5241
2982
5286
4985
5588
2521
459
6821
4230
4673
6825
5106
7997
3653
2866
2967
6627
3253
6587
2586
6528
6293
3231
4237
5586
5152
6717
5199
5540
3007
378
6151
5301
6994
2656
1804
3135
7846
5733
4804
7936
3798
5624
7975
6570
1540
7335
6527
7151
7600
3985
3641
4945
4678
3128
3763
5838
320
1793
1525
3322
11
4005
1046
7270
7678
28
2119
5517
4946
3912
2711
3851
3425
3428
5682
6188
3479
2106
367
6920
3211
5647
6155
3278
1338
7367
3374
346
2255
4725
4770
6747
4205
4608
5864
4206
3790
117
5080
7737
5952
6505
6958
5820
4024
4460
4406
2076
7424
582
7818
4147
6986
6251
1470
2193
1295
3876
6571
633
6546
7694
2616
5335
5129
6856
3362
2623
5374
3375
2208
4108
6631
4792
3030
6375
4209
5669
6426
7101
7285
532
6989
2730
5914
4692
1360
2670
5626
558
1
627
3269
4726
2651
6435
3556
8002
1090
3484
54
3324
6407
6653
8070
5697
529
2820
4494
4311
1519
1488
858
7349
2943
7312
6612
1246
2701
6499
790
2303
6131
6265
5582
6049
4145
341
2853
1180
3025
4261
7162
5598
4088
5390
1019
7606
238
2966
6002
7819
1040
6792
6939
2168
5283
8121
4120
2132
6483
1771
4966
829
3130
4461
521
5216
5596
6557
20
4436
7497
1203
3911
4347
1905
7344
4075
2956
1852
6567
7581
3120
2691
2046
623
85
6050
6021
2120
7890
2649
4643
4546
6507
3761
5564
918
4170
141
5203
1860
617
7088
2804
2534
1052
1430
2719
705
1987
2330
6125
3583
2961
4093
3299
7820
4881
1973
5491
531
4256
7804
5010
4138
538
4796
7566
2074
670
4123
3260
1582
5549
4448
6835
1549
5079
659
4670
7488
303
3481
4315
6457
2382
7172
1829
1391
4775
2566
6913
4265
3989
8062
6006
7871
7589
5947
6683
5442
1450
289
2264
2201
7468
6987
4848
7399
8090
5515
3076
2124
6356
7862
1022
5657
1506
6178
6315
1454
5489
2754
1848
1044
2614
5208
5052
6035
1475
1971
3691
6585
5916
105
277
3502
4045
7225
6911
3306
7248
6754
1361
2669
7049
8061
2048
7147
5762
992
7655
5856
3926
7555
2308
7306
6559
23
4959
636
2036
4047
5081
2111
6662
5819
3395
5328
964
5218
6204
5889
7415
7195
88
294
2186
1055
6159
1558
7059
1319
4099
6851
4801
4303
4980
363
5512
8056
5852
7210
6272
5215
939
5911
4217
3696
1796
3367
7003
5311
2655
2376
2519
254
2356
4640
3757
1002
7054
7457
4051
4621
6018
6300
2918
1014
323
6693
6486
6841
1535
428
1217
1431
4021
3297
287
846
2117
5356
2248
5693
7891
4590
5527
5143
5932
3613
6400
793
7474
2457
2664
5469
5523
4634
4408
2767
1432
4487
8113
1592
2522
2764
6253
3448
4830
6970
8040
2031
6922
2506
1084
2812
2546
189
2533
3245
1517
1752
6594
6258
7583
5717
4638
6409
7307
1583
7801
2314
5460
6705
2360
4598
5162
6671
2596
1395
4614
3509
3292
5666
2617
4375
7883
2581
3462
1823
8027
916
7283
1236
210
6882
7812
3534
3333
7780
5179
2311
6451
290
3673
5262
2872
6802
1198
1093
7908
6487
969
3456
2723
7881
7467
5907
1027
364
7115
5519
3781
6453
1150
3611
65
765
1765
5239
3161
7070
443
7309
3680
1740
5884
1856
7979
1309
6353
3679
7983
5186
6145
3600
912
6460
5112
2281
4122
7279
3565
8128
3549
3426
2070
2611
3815
3889
8084
696
7687
3523
7644
5248
8039
924
2381
822
7183
3195
7479
1063
1218
3302
6399
1485
3458
3869
4622
4549
6733
6299
7047
951
573
7599
5673
1666
1813
6355
2129
2931
1356
2145
4523
2209
2959
177
773
6320
5906
2057
2745
8074
2925
220
6517
6854
4057
7556
778
445
4953
5399
5134
1209
2341
2123
1756
6993
8122
2517
409
7641
612
1703
3982
6886
7949
2189
496
6091
647
56
4576
1436
2212
2606
1963
6076
6842
2593
6205
3284
2612
2500
3411
5475
7622
7427
3164
3859
5765
1345
3352
7563
6429
4746
5672
4426
6107
140
2485
1850
2529
6119
5701
1208
7640
3250
7484
4742
239
2060
4110
1171
6474
5648
2884
5172
7015
8096
4766
5249
3344
7909
3637
2151
2975
756
7098
4142
3263
5499
4925
3088
7544
2954
872
3075
3633
3430
5117
5960
4292
4860
1993
6357
3283
6422
3500
2484
2430
6665
6481
5946
7568
5305
1989
4076
7945
2532
4275
5113
7548
2302
391
2347
1388
2332
2199
4509
5147
7327
1499
2688
1897
36
1542
530
5532
2807
1231
857
6427
2990
1736
5542
7897
7249
4446
3040
7849
2854
6899
5261
4964
517
3722
1770
7792
3682
1867
1325
2817
2448
2634
6033
3973
4941
2447
6995
3986
1760
4943
104
1683
4030
1954
6737
7519
5747
3995
4129
5924
6694
1249
6874
3799
5272
3704
7492
6850
2548
6636
3139
7039
2317
40
4630
1901
18
3854
6019
3990
6762
6282
5457
411
652
3332
5461
3965
4593
2133
2635
5919
5350
8081
3503
669
2389
942
1170
5541
357
3000
7105
4842
2481
3023
7384
2011
3732
6859
2359
4020
4072
3066
7240
7697
4018
6472
2318
7437
6275
1686
2622
4080
4817
1326
5265
5103
6902
824
1279
987
3559
7045
5769
675
7471
2631
3309
833
6179
2335
7797
1896
7472
86
7261
656
4477
1505
486
5238
4833
2527
5151
2594
1371
1205
2254
4013
229
3209
7800
4210
7582
6436
2498
5970
2871
1610
5277
1701
849
1628
3097
8080
3175
1682
389
7174
6562
1805
4443
1155
2685
816
293
136
3473
6208
739
5411
5376
3254
3313
368
7675
1157
6621
6614
714
2696
6103
1100
8131
5455
4201
1675
5200
6982
7421
3570
3820
859
7705
7056
8032
3316
4060
1446
3256
3728
6028
6387
1089
7244
7662
7262
1818
6871
6840
2427
7422
1262
1564
5846
4768
6589
2476
3812
2864
1661
1422
2796
1337
6324
3435
2078
3183
7308
7426
5114
1013
665
6438
1503
2093
3307
2061
6063
5347
1067
1746
174
2080
2013
2915
3403
5093
8066
734
225
3992
5709
926
1616
7374
5933
175
522
1660
2483
126
7184
622
7723
6009
2700
7502
1206
6346
6985
2271
4709
3933
7230
365
7241
870
6523
5772
6513
5300
1312
7892
6642
581
6167
4428
4282
2405
5266
3401
5937
4869
844
6772
3417
787
1173
5971
2689
935
4819
4491
2122
3684
6931
2242
5385
2161
6575
2176
1961
3441
1822
2171
1387
5742
366
5443
903
4435
43
5040
708
950
127
1680
2863
871
3397
1671
685
3119
4488
7281
7597
5671
6254
3905
6237
167
7094
3258
1712
2000
2482
2130
991
2295
3977
205
2495
523
4432
6837
789
820
4534
482
5089
2552
7347
155
5413
5773
4518
6004
3476
6638
1985
1178
5422
6187
4975
1035
1998
7868
2017
2282
4184
4319
4496
7229
3902
5252
6442
2589
3449
6618
5467
7865
7540
2722
2891
1212
3710
614
2831
107
3944
1530
1657
559
2789
7528
3915
2256
7918
3734
4653
6025
6448
7250
4357
1030
2453
6249
3229
7316
6806
1792
1938
1898
6471
3189
2710
2291
7811
3355
648
6905
3346
4191
5949
5748
4748
5472
2952
7126
875
2196
2709
7453
4175
6957
1497
5696
3405
5395
1107
5370
1057
5668
4878
4483
2883
7684
149
1803
741
5240
1773
1739
2572
4672
7961
3607
7533
718
452
7205
4879
7570
7674
6667
4340
2857
4545
6284
4031
1955
108
491
796
5466
2331
4559
6384
5484
7085
6644
5936
6903
5745
7284
7035
5196
5909
1228
6054
5397
413
4224
4341
4422
5182
7505
6815
7524
7878
2987
4421
3980
2246
7165
3592
1364
6458
5483
3419
608
5273
7551
7169
5643
7406
5406
3063
3264
3677
1891
1851
3718
7955
2989
4571
5193
3892
1761
7699
5393
7401
7616
5225
6973
1169
449
2725
133
6800
3216
5458
1838
4652
362
5144
1802
4782
3809
7852
5599
1620
742
6330
7709
3220
5874
6465
2084
4847
3184
1646
4187
5185
7153
8086
5776
4987
7043
33
5925
750
5233
7036
1527
130
8111
7720
771
4504
4662
1332
3223
2370
436
4790
7392
5415
4714
1105
2480
7942
6470
5492
1571
1795
7397
1047
4599
2023
2676
2732
6933
2059
5679
5535
8057
5779
3310
5728
7574
5219
1574
2265
13
2972
1423
3591
1118
3008
1560
7345
4293
3342
7208
6419
7291
6883
7923
8045
2908
7735
6817
1580
879
7353
2782
6337
1831
1945
5259
208
2618
7796
4459
4733
4087
731
3981
2027
7591
2671
7386
8104
5224
1520
7595
7007
3431
2814
2235
2573
4370
4811
4654
5145
123
3942
7109
91
2207
8059
4828
6156
2474
5161
3188
4369
4631
2569
6437
2587
462
106
4008
5935
6503
2414
893
6217
3921
7759
3045
6518
2583
5522
1471
5008
7265
3515
2226
4961
5843
4497
1269
1385
4699
7224
1673
1949
7543
5629
8109
839
5940
26
4299
5799
6174
6807
3949
6506
8112
8118
319
499
2260
1232
4667
2568
5244
4903
3796
5910
4352
994
2479
6888
7048
4081
6867
2442
4676
3665
4007
5481
4558
4765
7971
3488
6029
2461
1284
6894
5716
2337
5563
7693
3267
6831
6580
8042
5384
4855
6672
298
4756
4073
3855
2125
1895
2580
2806
1377
3176
1128
7666
4485
5578
7775
4994
5590
6520
3616
6296
6861
1797
4531
8079
673
6250
1160
4759
2997
3317
5076
3053
4125
2296
2585
3200
5494
8132
974
3837
4130
5125
5877
7267
1512
2412
7534
3191
1059
4708
2905
6695
4135
2983
4991
7020
4610
2340
3055
2338
3226
8130
2361
3152
740
604
6059
1511
6687
3843
6537
7052
1721
1837
1101
1296
1928
568
142
3786
6776
166
6345
4810
6226
162
4696
5790
1412
5360
1189
2848
348
5939
6534
1869
3290
6786
4159
3735
1374
4524
4479
1175
4949
3723
2968
6579
7134
5054
2472
6238
6389
6697
6904
5392
2823
737
1469
2464
3898
7193
1066
2510
1074
6889
4917
2911
5770
1344
4468
2512
5605
2039
3590
1329
575
2028
3016
5536
904
5529
6651
3137
5828
6726
7613
3828
8072
7656
2067
6348
6752
1830
2592
6379
3661
4839
6099
6186
5576
1222
63
2459
1570
4143
3494
4251
7303
1347
395
7943
1384
200
3043
2277
2939
7768
6037
5699
5644
6599
5183
7663
537
120
2310
2236
5509
4965
3792
8049
4317
4351
983
7033
6364
6
5661
7701
3901
4973
3320
6979
2674
1946
8094
5766
6111
3115
1239
4332
676
2075
6268
6731
7880
7287
196
8046
3643
757
7080
5893
701
640
5736
5800
1194
1302
5473
4066
2582
2638
1408
2355
8029
5169
2374
7962
3208
1017
3979
4537
1459
7724
2035
6206
2038
5180
7518
1429
3371
1899
2734
2126
4177
5904
4807
5756
2159
4086
5416
6269
5663
1853
577
2004
7627
5537
7996
2286
3576
2819
7769
3904
6230
5534
5789
161
1539
7131
6860
1474
5831
1665
6515
7752
3743
4098
5414
4309
6335
7689
7310
425
2660
7703
6428
1929
4290
3711
7904
3404
6722
5859
6963
6936
1645
3181
6339
381
6659
2774
1111
6140
695
4802
6649
7579
1243
1767
6549
7504
3281
350
3585
6403
899
1978
3205
7341
5299
2926
4103
282
4298
834
7346
3974
4674
2024
2358
6880
6773
1393
1177
5972
2471
1062
5220
478
55
147
595
8050
885
3296
417
4998
4675
6207
5136
1640
3816
840
6607
5109
4997
4779
6377
6058
985
7253
1844
3400
5298
244
2399
1704
7297
7361
7710
7953
6679
680
5100
1448
2266
4615
6532
6819
6852
663
5594
4613
5320
6229
6069
7458
3
4022
1010
5938
7605
4017
4495
2091
5382
2841
7095
272
7
7685
5021
1011
801
1410
4476
143
7853
7104
6682
5741
5464
7995
6216
1966
2367
3943
1904
1695
4685
6988
440
4585
2251
2810
2446
3178
1365
6388
7292
2416
5686
3399
5474
4824
3770
2902
2077
3581
1642
3931
6089
1956
7170
5212
1247
5611
6485
416
199
1490
2879
2907
1193
1023
1536
7967
4773
2440
2900
6736
4888
1005
3069
4955
2034
3041
3415
5250
4091
6845
2591
7746
4056
821
3255
4956
807
156
3941
7076
373
3879
7920
6932
5340
6271
688
1958
3991
1750
4778
2846
6596
3349
7299
4189
6413
4818
6550
7529
606
17
610
5221
6689
6690
5065
1787
7220
2386
2379
4039
6307
1812
4119
2698
4399
4556
6887
1586
1139
2354
2724
848
7580
5930
7618
1737
7355
2894
4642
3206
1342
2986
7315
4612
7659
3739
5834
4263
6896
6526
1065
8135
7050
1662
6112
3908
342
7017
4197
7449
7982
3343
6611
3819
3094
6927
2541
1148
1191
226
4498
5782
241
6410
1941
6681
6524
7839
7180
3857
5550
7464
2219
2595
6041
2400
221
3624
5986
3998
2673
7325
1425
4972
8103
3138
1581
2531
6081
6849
946
4783
6043
3552
4919
5873
7113
5310
5642
7734
8051
5191
8100
1940
5804
1942
4762
650
5316
5496
5156
6746
2644
6332
7197
4909
1874
5160
1085
3489
6228
7632
8010
2909
5332
6243
347
5968
909
2772
709
6917
7841
4036
7163
3831
6916
794
4382
4990
5501
826
6964
5583
1087
6525
6923
5746
4595
8067
2394
5994
1152
576
7018
4843
7343
3779
1406
3465
4092
5941
7214
5710
1353
6450
972
536
3766
3118
560
1578
2759
2727
1433
7091
5198
2514
3958
8036
157
5232
707
1264
6658
2993
7988
719
4235
654
1482
3423
7419
4038
7864
3107
5377
2169
953
5046
6960
515
1273
4396
4115
5043
1229
5138
5861
7692
7321
2098
5326
3321
93
7127
694
4800
5866
3149
2844
7102
3646
3785
1918
6770
1575
6000
4481
3027
3391
42
6102
2138
7716
5902
5235
1327
5998
5568
6071
2697
3890
7400
2396
4404
3202
3952
3606
6213
2811
8060
1106
7079
2672
5821
779
3077
5771
7432
6211
7328
183
5123
888
4450
2434
2914
5880
5061
873
3197
930
1308
7747
6943
5339
5324
4625
800
4928
260
1303
2743
1253
1731
96
1597
2099
1149
5724
7665
4684
1689
4398
1992
7362
5369
7822
1644
6411
1862
252
7910
1758
919
6441
1729
616
2321
3964
3083
475
2647
7372
2243
4539
6341
4467
7499
598
7480
1224
6303
4565
2165
2913
4695
4386
1730
3143
1552
439
7977
5894
7813
7507
3880
3506
4278
153
2615
4337
7138
7851
7481
6978
5329
2279
784
1310
6602
1566
6661
3437
5526
403
4876
2937
2560
5824
6203
704
600
4644
6698
1783
7744
60
6304
114
5044
4126
5039
7925
405
8038
1655
5803
92
2502
6135
1016
1780
4157
5825
1255
2627
3304
2629
4106
7778
1734
1952
7373
5922
4003
5627
7610
6079
7491
5649
2162
438
5337
5608
6331
3095
4948
5732
3235
2788
1294
27
730
7645
2663
8058
6235
7178
3519
6024
1863
693
3729
5170
7958
6846
1061
7108
897
5751
792
1749
1461
7445
7016
5223
6592
1533
6262
7456
813
884
3117
5107
4981
3469
6491
53
1366
1372
5989
4797
1045
6122
5637
8124
2373
619
6312
4603
4882
1563
2574
7537
7736
7022
1843
1636
2142
5149
1078
5111
2178
2607
2333
5142
4774
6013
660
6394
715
7173
2707
4820
5174
2423
6833
4851
1367
6082
8034
2095
83
2401
2755
7965
5603
4873
2561
6648
3112
2230
1888
6424
3325
4240
1764
1648
6347
5187
6349
984
1528
6552
1678
4168
3144
4279
1774
6566
1426
2172
4749
7718
7978
3538
1775
2352
3420
4090
5497
6264
5150
3247
2992
5432
3897
5708
180
4301
1934
1960
194
3934
3938
4516
855
6610
4891
7964
7573
4216
5017
291
84
307
3273
275
5652
1722
1261
3162
7161
1684
3671
2742
2839
5222
4611
2156
7954
5
2215
4212
5533
3225
8030
4889
62
5388
6761
7408
2351
4218
2200
4521
3652
124
4132
5398
7625
3447
6148
3042
8076
4702
352
1809
7552
3277
5425
847
4758
2640
8098
6077
4978
4877
2198
30
1272
544
6715
7385
7670
5638
2148
7696
6479
999
1585
3920
3589
1427
6877
4434
3303
2826
2261
1635
5026
331
6236
1120
1434
4716
5835
6980
430
2032
6664
3914
6060
1413
5988
5969
7970
7501
2751
4002
2557
4381
1840
5531
838
7830
4220
2403
146
1984
1122
4900
337
4131
1716
1815
6603
5711
4826
3265
1267
2231
1196
304
4600
4246
3326
4409
4863
3698
129
8123
910
7276
3663
4562
6809
6210
3416
4457
34
851
4162
3972
3073
7129
7154
6283
6370
7359
7698
3839
6574
7037
4158
943
2544
7389
3793
3566
5691
2234
75
7326
2793
589
6828
2878
2699
1807
6907
1213
1102
4812
7383
6925
4418
5570
3894
3358
286
7475
1172
830
22
1190
1875
5128
772
3252
886
1562
2353
2363
3725
315
968
5049
5798
6601
3379
5359
6047
3434
2411
7228
5788
4362
3693
3457
5018
5610
70
3323
7377
4664
5797
2929
6214
1145
1622
5365
4821
469
442
4870
4227
176
7874
5963
868
505
902
6078
6500
7395
3620
7064
2648
4671
7586
313
7572
3433
8035
770
6663
3387
6543
1877
630
1251
2933
2288
5811
5163
4085
2259
8026
3878
2368
8033
5127
5014
6281
4979
7069
7375
4070
2963
6350
2794
6712
2115
900
7557
5094
4543
1782
3298
5195
7368
1108
2508
6224
5226
5956
7218
5999
5901
7133
1339
2559
5857
4294
7486
1879
7063
2795
6012
5009
2642
5518
4014
4307
1162
3777
7926
1075
2641
5520
5641
6044
6338
3251
1466
2995
5812
5041
5270
2784
3720
3169
2009
1910
1161
4465
4359
4176
5875
6105
7132
3414
343
5720
3261
95
5372
1227
31
6182
1441
5854
6795
1064
1174
7252
1266
2180
6533
7100
7615
5423
268
3619
3345
7842
45
2536
7461
7672
2904
