7840
2067
4454
2145
2198
7267
3157
5232
1776
1915
1437
696
7698
2505
710
2456
7331
6155
5557
4296
7717
2224
1143
6358
5019
1747
2625
7933
3613
4001
6277
1670
6531
3342
5940
1752
3528
5975
6697
1114
3637
426
1150
2499
5310
7973
759
756
4911
3971
6224
1191
2271
6251
1540
191
5442
4858
2955
1152
75
5437
3238
3757
29
7509
2273
5348
7365
3954
2169
5552
5010
6325
4627
7105
2654
5824
2733
1699
5638
6009
5532
6345
570
3850
6068
5050
6462
6489
6490
1418
5453
1219
5443
6479
4067
4567
5612
2037
2395
137
7163
3199
3961
5077
1868
788
849
5630
3395
787
7380
5973
5155
7936
214
6880
1825
6666
850
6629
4020
377
1419
3762
5419
3727
5222
4295
7147
3909
3819
588
4783
6604
920
5695
1537
7617
1136
4105
3435
7992
7526
111
26
7883
907
2232
6682
7827
5415
3497
3542
4568
415
1526
2015
5734
8062
822
6796
2673
6297
6803
4216
1754
3744
6031
5471
146
4074
562
4931
2372
7975
7934
5287
2867
373
5136
3122
4646
1689
3806
1923
6126
5182
6909
5326
6894
7142
6775
2420
2306
7259
4362
443
3190
2308
5098
5751
7531
4833
6534
5706
5978
1271
5836
6548
893
1311
3671
2156
4427
1365
6364
2444
6938
3750
2715
3004
677
882
3458
5092
7877
6150
8074
5405
1484
7618
1021
5051
16
6762
4363
7020
7616
290
5565
602
5278
35
2365
7855
6044
6257
4554
4385
2330
53
4590
493
860
4253
2368
5741
1910
7854
3638
704
427
1239
376
2607
1379
5686
6362
8114
522
6250
3467
7087
7429
5984
3035
5767
4846
2331
7498
3456
4303
4236
2648
256
4496
473
3734
1003
1843
1924
6832
927
7863
5826
1042
735
7940
5619
932
2749
5680
2309
4077
1196
4114
6465
2978
1775
4702
7771
2899
3281
6477
1334
2785
1942
4246
3260
4701
96
4866
4630
2581
3041
4091
2865
4358
2180
179
1306
4408
780
5522
4189
293
2830
4341
3737
8112
3592
1452
3318
1119
3333
3775
2876
6304
4934
7595
5966
7991
6207
3057
5491
1748
5718
5373
2883
1993
4470
5871
5255
6626
1169
3923
3739
252
4359
5417
2127
5623
5268
2601
6773
4221
2245
6972
5216
3075
6794
6161
6986
3869
4557
7084
2141
5789
2248
3267
5432
6042
4829
4799
1500
6182
2526
2803
7342
1641
5585
3998
3161
1105
3081
5362
3710
98
4930
6098
1554
7663
7344
14
3748
5107
7872
2187
3299
5986
246
4478
430
3953
3013
7090
1304
6333
7538
5209
1934
7787
7676
1559
2449
6328
3548
1568
2888
6167
2066
6165
1254
648
2402
4476
7177
7097
7011
717
6
1502
3792
4491
4594
58
5879
5317
6504
3141
3723
2950
1930
4086
1663
3680
5913
3721
4525
7874
1230
7946
2237
4940
8026
4037
6778
7307
3156
858
1811
1533
2705
2587
7565
3585
7780
3853
1323
22
6189
5175
5321
1654
3827
2240
6689
6964
99
6468
3883
6996
5385
2041
6659
5810
6405
3348
2221
8129
7709
4571
2619
2616
4698
1485
4413
1862
3783
1031
5959
3550
452
6469
773
4563
1167
51
2647
5099
705
7823
897
1034
2642
6951
1017
5547
3928
4506
7611
4429
1917
4990
2134
4390
3591
5063
7136
3973
439
5413
8056
904
2173
3580
3012
1744
6476
4187
4087
5750
7998
5707
4703
7711
1116
5882
5258
700
7266
1234
6011
1840
264
25
4121
5069
1268
6312
6122
8105
3252
2819
6164
226
790
5083
6335
4840
5971
2825
2570
3770
4148
5727
2445
2843
309
1900
6495
939
2013
6337
4871
2608
3447
2628
1706
4864
2555
4733
3239
5525
4104
5199
73
3213
863
7001
4699
4237
2563
7858
6103
2136
6522
6104
4138
4494
6657
7465
838
675
3747
1716
4945
748
2047
6558
6788
6239
47
5659
3450
3413
1214
104
4052
4544
5747
5730
4161
3738
2007
6399
5835
4548
5204
5895
3711
6501
363
7195
6549
3173
1293
6473
4179
6841
1880
2371
2100
6397
3235
4215
5652
154
3554
2166
1757
1524
3597
2918
7782
1165
883
5312
3020
6968
2385
5352
3016
4824
4593
2685
7309
6141
7
1788
7870
997
7358
1958
4582
1674
7291
2861
2177
4438
5704
2109
5215
5249
7679
7355
6999
1376
2636
401
3765
1692
993
2932
7834
1567
7474
2527
1351
878
3023
27
7019
499
2922
1215
5546
2429
855
176
2741
5246
6255
5949
2406
560
3382
7336
6914
4147
7302
5375
6586
381
828
8032
1004
7919
4472
7083
4078
4938
1082
3162
3420
8030
2817
2410
7623
7487
7887
3276
3890
6581
6692
5760
6275
8117
6507
4819
7549
18
4975
5842
7961
7484
6245
8047
6835
7789
1851
5239
1368
5669
3945
7621
653
6842
2759
2794
6289
3139
2021
165
40
4032
7774
4430
7905
7470
2814
2486
5808
4768
103
1477
2340
20
6908
5017
3098
5067
7320
1300
7767
6119
5702
2191
5897
7254
56
1989
4173
6679
555
680
691
289
5424
6048
5941
5068
6839
4433
2947
2128
5465
7170
3001
4274
6428
7340
2082
6595
4596
4796
7296
4199
5784
3864
6625
7101
1326
761
3777
3662
805
7421
4869
4112
2312
5664
1553
3490
5687
4449
5763
1221
5132
5571
437
2014
892
65
1690
7453
2334
7878
755
1710
33
456
1581
5834
3387
6763
5251
3504
506
2895
2461
4613
451
7337
3599
3952
5214
2314
292
5252
694
6673
4763
7580
2023
785
5133
5446
7792
7368
1177
3409
7120
2254
1366
1610
5480
4262
345
3659
5123
3707
786
6615
5244
6795
656
5381
7869
6478
619
5678
5989
3918
7850
7889
4649
4951
5224
8048
902
7156
6128
4932
596
7005
1700
4849
105
5512
5568
6931
2598
2374
6152
1259
3074
1685
608
1986
3970
7140
2090
7250
2075
5451
3732
4778
4333
6782
6559
6587
5489
5018
2910
6654
3692
463
4738
438
5811
875
1340
2078
2971
5037
5780
8130
6875
582
6718
6813
4620
7397
1888
5217
3061
1964
6338
1707
4150
2139
4918
4589
1260
7063
3791
7557
7605
4894
5593
4338
2842
4655
3859
854
4085
1921
3601
2159
5654
3825
5713
5455
2492
255
6131
5511
7762
7241
833
448
571
496
5355
5719
6190
2600
7131
531
1722
13
1276
7214
1779
119
8104
538
429
4395
2824
3355
3222
5426
1229
6162
2535
7367
5005
172
1444
3868
6346
2042
5675
6006
5848
5999
7107
471
7758
5285
676
1698
3078
1076
7426
7300
3118
6712
1325
1451
7696
3448
1882
2583
5325
5582
464
6739
4608
5779
1446
3244
2881
4757
211
5950
3579
3768
7157
7793
4377
1751
5614
5495
2226
1756
616
733
7181
4415
66
972
1992
2338
7633
3062
4972
5758
6434
6072
5201
6930
7594
1555
6242
183
7095
4222
5648
4749
1785
7868
4610
7194
4835
1361
3964
5830
1422
4999
6641
1073
7461
1339
4963
4255
7316
4652
6939
3326
2487
5163
7330
2188
5656
5600
5477
44
7643
7265
762
3540
1960
1817
7167
2480
1027
3109
8089
4681
3228
760
7571
6925
5569
5720
1192
7292
204
1025
2345
8008
5309
3014
7118
2380
5112
4346
3570
6957
947
6035
5181
3719
6450
7290
2815
5526
4297
2652
1546
2174
5761
5293
7164
1945
1519
5358
7813
5914
3218
7955
7213
5862
821
2917
4003
6649
1091
2952
4231
2426
510
7803
7434
7506
2035
5284
3907
1890
2439
1443
1966
4094
7077
1755
5084
3378
6184
978
3321
749
1997
3002
3055
6386
3477
859
3694
4029
3291
5190
6278
4716
357
5032
4623
2137
6019
7625
6435
5804
7438
4313
3181
4896
2215
4884
4764
6599
7422
4925
1768
7591
1878
6464
6361
4857
5633
1884
43
3097
3939
3346
5776
5806
4243
6265
5703
814
3393
5457
4861
5584
1162
4068
7634
2850
2897
6041
1307
5460
5699
5154
3088
5141
1593
5866
7341
5510
6705
3172
4877
7281
5926
1158
6616
2056
2669
6310
7713
6240
2147
2108
6851
4191
6529
301
3101
2534
4631
6704
5156
6080
6582
6492
4334
5028
7785
4088
5756
4344
6896
3663
6053
7867
3642
5927
374
2465
5461
6116
2890
386
5062
7693
8038
3335
3672
6926
7860
4407
6747
2546
1902
1424
7275
2655
5445
2687
444
3862
1050
4855
7032
2172
1098
7389
2208
1763
2427
3250
7952
4169
1560
3353
5111
7587
1715
5064
3408
4036
2620
3718
6735
8011
4641
487
706
5561
5147
4686
114
1637
5541
7517
1842
624
5774
2544
1656
2421
6253
4320
5172
5875
1459
2322
6198
2853
4617
7583
961
2657
2052
7288
8072
2916
2028
2672
7604
8045
726
3374
7597
2756
3455
6284
4830
174
7644
2847
1464
4383
7366
5421
758
7593
5590
3560
6935
6520
4099
6579
7781
3208
6392
917
1394
6215
317
3102
2388
6227
7721
4574
1988
5473
3726
30
28
4311
4480
6086
3160
8040
4995
5158
7082
2871
5439
908
7657
1620
3207
7652
7723
6560
754
3305
5843
5482
4310
3802
734
6966
5681
5996
1014
3150
2227
5139
6981
5134
3270
5456
5378
3940
5544
7719
3220
2290
1479
462
4927
55
7718
2956
7207
590
948
7110
483
1655
3280
4663
7750
4530
6686
2556
7745
1899
6233
1765
2963
7490
2579
7035
2275
2500
240
6808
795
2606
5796
5408
6719
2154
1391
1371
5178
5662
3756
8135
4450
6994
5639
2706
5880
388
3176
3772
1367
3674
4493
4712
5161
274
4483
8092
7148
2233
6774
242
4102
7193
7437
1871
1777
7217
3522
7494
3980
1448
4615
718
5850
4228
6892
5042
7983
3072
6352
5655
6263
419
2378
6295
3051
6541
5768
5464
8063
3375
5985
5520
235
7272
3120
2442
2630
7347
1242
695
764
846
3695
6343
5642
1547
5153
1994
622
399
6970
321
4335
1961
3658
2386
2231
6572
6273
6218
5021
6920
2879
1121
7457
4315
7258
7496
7248
4889
7776
6617
3019
7939
2068
7053
4083
6518
2422
6395
3331
325
155
6292
7220
4152
2008
2264
631
1769
5828
2261
3047
7686
414
1665
5213
4878
3814
3366
7706
6771
5338
2206
1126
5894
994
418
3558
1687
5553
2250
4809
3415
7225
3837
5555
6453
2644
963
2967
6390
3661
8079
7628
5029
3605
1284
3843
6772
3380
5504
6709
4968
7881
6458
1483
6092
3641
2274
2031
5292
5152
3198
594
2904
115
3269
3874
5634
4447
5977
4535
5236
6588
5518
5594
3626
6974
4193
3628
6267
1632
6816
21
2353
4862
4486
1178
4176
7911
2150
1188
2596
8122
4013
433
1043
782
1914
4573
7378
5902
2470
2972
2283
485
6840
7641
7949
830
5797
4109
6448
1786
5472
2349
7319
5781
3901
7828
2432
3519
7004
2201
5770
5157
8049
358
3465
5854
1505
2717
5220
4791
5617
3170
5618
4555
5367
7003
7289
6584
1583
7112
3593
7489
7216
7838
3261
6932
7441
723
2019
3462
8086
7476
3212
7038
234
7080
557
1108
1092
2970
7534
6823
4007
2542
4736
7073
2781
2826
2411
1981
2957
3433
6065
3608
4759
3985
1115
7235
5890
3349
6594
1363
3824
1907
4612
4827
6952
7454
5900
1572
4642
2453
1478
3962
1113
4564
1885
2712
1528
6515
6474
3840
3640
5006
2165
6723
2398
1758
4251
6075
3306
601
5610
2417
6403
398
2604
2660
8115
1927
7942
6553
1288
5944
3090
5974
7349
7577
4967
6285
6749
225
4492
7547
6306
4531
3063
7783
3083
3344
5039
1586
7315
1202
1558
1198
7134
2754
4410
5883
2725
7361
6466
5479
4831
6299
150
7244
3354
3702
5954
639
1550
4144
1071
6776
15
4523
627
4276
4397
5863
7566
7847
1102
233
890
6547
5458
4117
2980
7285
4730
4177
3459
4509
1714
1646
7124
5125
6524
4760
6821
1701
2489
5964
2229
3010
716
157
2285
4943
6316
6663
1458
3210
1626
681
1561
2999
7799
5101
1123
6537
3523
4803
5033
2091
2994
1886
1815
4989
4174
4947
1088
4264
6850
91
2112
6622
3240
657
459
4821
6121
3804
4720
2798
2594
3011
7807
1622
4323
6331
2080
6436
654
145
4308
2718
5499
5350
8013
4771
3979
6973
6624
7171
2375
5545
5269
1454
1859
982
2920
7322
4441
5346
4223
6632
4165
2938
1506
5143
5912
6934
2284
7817
1280
812
8078
3168
5057
3871
1898
2399
2209
5903
7284
5539
3284
6557
5757
2776
885
6936
7287
3618
5009
6059
4137
7211
6252
2404
395
2491
3547
1220
6716
2467
7447
7370
5270
2886
6783
2695
4268
2153
1905
2148
547
5026
5271
4648
4503
7629
169
5106
5192
7927
662
6651
5403
2071
949
3129
2472
509
2567
6456
2485
1189
5946
895
3959
1638
3795
7414
7104
3624
1281
3365
793
4521
2344
6724
8014
1099
2320
6266
2872
7824
1541
2313
6675
7091
3154
2539
687
1184
3144
3904
1653
7346
929
1380
2572
4107
3200
5676
7314
3809
6220
4168
7325
6980
3336
6574
4337
3877
7133
6791
7943
3021
2832
7446
184
5369
3977
1159
2983
7210
5791
5833
4457
5351
4076
777
4933
3121
1916
7884
7202
1657
7452
3976
2993
7479
3123
2602
492
671
4961
3076
6836
7649
3289
765
1673
1264
4910
4854
779
2525
4061
1292
1536
5475
1232
4739
6129
1672
4339
247
4741
6738
4072
613
2852
3882
6130
8039
985
4
4750
6133
2812
5048
5074
4051
5746
1217
4529
6038
6457
2300
7627
4504
4892
7661
2316
2151
638
5003
346
6339
4095
2381
2835
4746
5211
6969
2074
4482
2474
3857
623
7779
7238
8059
621
6243
7034
5838
8021
7539
7123
3357
4360
936
3525
3574
5454
899
5436
3617
1858
612
1841
1922
2053
3764
2582
514
3510
1400
7079
6234
6562
2218
4375
599
4677
3364
8002
954
3179
4266
5531
3780
3152
7357
7165
6801
6502
1344
3564
2142
640
6750
2848
5657
2471
5963
6901
3032
1801
898
6132
6057
1967
6800
5591
4331
3559
5149
173
1008
5364
4637
4956
1623
7842
7569
4936
3917
1835
3865
2884
2911
1007
6082
7660
2553
4103
3811
148
6703
2450
6017
2270
7042
1370
3188
5649
4779
1936
4043
3309
5725
6960
1984
6317
6158
6232
3177
6302
5933
4140
5855
1681
7185
6752
4659
6532
1038
131
2106
77
8108
4798
6728
1129
3511
1600
1671
2921
2040
3920
1819
7821
3184
3417
3425
1122
4371
6194
1128
243
7006
2727
4537
5759
537
152
1204
1145
3396
4979
4226
410
7173
5515
8077
686
6062
2200
1498
7103
6021
1135
6566
497
1397
5389
7278
580
2800
249
2968
2622
7729
6256
3302
3686
5993
2457
6570
7558
4009
5071
3969
6000
1790
7928
6717
4435
4443
2878
4392
2854
220
7111
989
2247
291
5841
5485
7640
592
469
127
7757
6702
2818
4314
3092
3195
1631
5053
5543
7036
7233
2189
7209
6320
1822
635
7350
2466
6271
2985
3956
7859
2841
2775
1372
6272
1709
3749
4792
7236
6760
4160
486
2925
2182
3841
5517
5628
5409
4127
1781
4952
6050
7880
6187
3708
7646
714
3754
8060
120
614
3720
6483
2519
7218
366
2966
4481
5597
6305
2541
2664
3852
2558
2006
3136
7262
7264
3248
5930
1759
2948
6687
6373
2146
4546
3995
7511
1676
6332
775
2614
245
3407
6817
6991
3125
7031
8116
3604
5056
6792
4729
4588
1390
3384
3881
3367
7763
140
2084
5605
5174
6353
1557
6721
7475
8061
2138
3256
610
5280
4900
7127
6206
6867
934
7866
6497
1299
6906
4776
5740
2701
8102
3307
6340
1571
2561
7548
4636
8111
1675
407
3430
1235
2000
7323
52
4356
3831
1497
6746
2702
1875
3530
313
5692
339
3225
3766
3549
6205
2880
7953
3634
8119
4423
4136
7739
7520
4002
6043
4132
3223
484
71
3793
6596
7694
6684
5283
228
1594
5183
4917
7424
4181
4992
6923
6910
315
7561
3449
2394
2973
1850
3193
5370
7409
1423
953
7788
5301
431
2376
6696
2537
6888
7419
7674
3944
3815
6844
3293
7682
200
6647
1796
6379
3545
7797
1569
2638
6056
3943
432
4351
3903
1164
7352
6741
470
6268
7626
4565
3769
2005
4096
6590
1137
1778
7749
8071
7794
519
3870
7986
4668
3356
7119
4834
5860
5241
7614
1848
3929
810
740
6879
5380
6258
2413
6175
4304
1530
5621
967
667
1210
5469
4511
380
4500
7271
4507
5391
4672
5556
3069
2762
6831
5754
6226
5234
7351
2081
6179
6997
5335
2965
4403
3915
7902
3673
5113
3231
5492
6449
6603
7327
2280
4747
1087
7143
6498
7619
1267
467
4721
7094
4156
1298
94
7773
405
783
1212
212
7987
2094
6004
3867
3452
2408
3009
88
5121
1521
4545
4396
1974
4290
6768
715
7778
2893
5924
4731
1642
3230
7876
3360
1222
2152
3325
7699
3787
3611
3625
6023
870
1089
4473
702
3836
711
933
4245
4233
6699
4418
6134
1130
7899
5253
7892
1026
330
3434
2503
5901
1207
6838
943
2424
5868
7730
1086
6301
7849
1694
1245
7503
818
1523
3368
7567
3400
3596
3079
5705
10
4772
5644
5813
1517
7777
5339
48
7069
4458
5304
3275
1515
4116
6680
2164
2286
7057
2468
5332
7381
4996
7564
5459
5334
673
2765
5812
5188
162
1171
2242
3453
527
6645
1433
2877
5023
6002
4708
7806
5799
4298
248
6917
1504
801
739
5650
7651
4281
6924
5786
4382
2016
1696
2102
6047
1383
420
7306
2382
2618
5682
6731
8110
4661
6811
2032
7192
316
4675
6484
1355
4820
6054
5509
5798
4704
1436
3214
361
4282
1507
2416
6928
4129
2024
2304
7585
5282
950
4479
1640
769
6636
2160
298
4669
7673
3988
2030
7954
4378
5233
5873
6630
5371
8076
3389
327
7786
6261
107
4761
3405
1294
3925
4321
4167
5065
6174
5091
1912
3053
3394
7536
4391
371
6406
4336
4651
223
6510
7932
4202
7052
3555
6861
1411
4758
4279
69
4015
5399
3300
6274
2833
1395
4490
6950
1599
7552
2795
4516
7510
2960
767
1006
4033
1278
2631
3052
7735
5731
8009
552
7690
365
453
7198
3590
5960
6876
1100
5698
277
6166
4139
746
5476
2225
3096
3701
7458
1651
6396
7188
1168
4021
6826
504
7560
5142
1876
2691
5316
6919
3785
4192
4347
3201
1052
5742
8126
2891
1431
3319
6432
1543
4190
5997
4178
666
526
3812
6040
3730
1602
6715
7525
3681
4658
6114
784
6544
4158
2339
2690
5513
7832
7500
7280
2599
1895
4089
604
1471
7732
1852
5788
7190
6885
3373
3316
5910
389
2377
2792
4325
209
2305
156
2656
3654
5020
685
960
2521
1979
7937
7100
1556
4828
2303
3500
1369
2926
729
7971
2495
6700
6852
4110
6349
8133
7790
1070
5653
4280
6321
867
4475
3927
3196
2797
8082
2181
2905
2155
6281
2511
6216
356
2665
5712
2389
768
4317
3678
6368
2748
6430
2739
2632
2634
844
3361
3180
2337
2451
8029
1247
4602
2940
3056
6780
7736
6015
2643
4957
8118
3253
4994
4949
968
3893
5435
5225
4580
1750
5151
4742
1438
7488
1831
3229
4901
4710
1
2680
3148
5790
3913
1513
6606
862
6213
4926
6655
6509
2260
4880
6202
2838
1432
7966
7861
468
1619
260
2796
3539
3297
7512
585
4463
7276
3538
2589
632
2722
4010
6828
4726
4211
3740
6753
6106
4542
2752
230
6929
2767
3776
5376
5086
3646
2944
7449
1664
3498
5679
6956
1844
4618
2317
2641
168
24
3575
4234
2784
5735
3693
7982
5353
2574
2621
2469
6538
1649
6672
7417
2494
6423
121
1074
6425
6533
6865
6710
3134
7965
7139
5044
7648
7334
2559
5762
690
6076
7387
2734
6971
2745
1213
4575
6693
7993
3025
4683
7377
4591
6356
5923
7028
2105
1248
6091
7546
7756
7240
171
3418
7554
836
5484
3664
5615
4626
1275
5736
3742
3410
3527
3606
6597
4689
3295
605
3544
5231
7950
3460
918
853
7727
2238
1570
8097
5031
5603
6110
991
7022
1733
1170
5606
5433
1047
6007
7000
709
7853
1587
1774
4058
5365
5952
7106
7480
6336
872
6329
4524
6751
1358
500
7464
3481
2289
2682
6583
617
2588
3311
2384
7990
5481
2168
4287
6804
4959
3735
4916
2782
5035
1249
8065
2113
5307
1352
722
684
5732
3463
4883
5263
6948
7483
7695
3873
7230
3955
6612
5303
3993
1839
1022
6757
1614
83
1793
2391
4322
2875
3863
4118
1508
4409
2175
554
2700
1317
7016
5014
5523
5193
2370
7590
586
5548
188
4551
7588
813
4445
7765
5164
2481
2296
4909
1534
6569
4879
1475
4354
4319
1277
1918
3155
3878
6539
5939
3050
3503
7963
6576
6640
3906
6631
5665
207
7410
6954
5059
4946
1661
5599
5566
771
41
6662
7556
6472
465
3854
2964
3849
254
2287
5218
1364
6146
6118
6550
5248
2902
7092
440
4316
335
5885
6742
2318
7002
231
3351
2809
2010
4294
4844
4365
1019
955
3860
6681
4856
944
4267
5343
7945
4671
4621
355
7049
5407
2051
6946
655
6451
1393
1854
7050
70
7224
1350
6905
5764
4162
5540
7865
4071
7007
3403
5305
4155
1784
5493
1301
6426
2873
6380
1548
1711
5498
5245
7697
1273
7941
6605
1075
1713
3461
7339
5429
472
3106
4964
6513
4212
288
8000
864
1051
4059
142
6264
4695
3926
5384
3422
2860
4735
1067
3287
1491
4065
1474
2027
2676
5955
7702
2786
630
781
4283
1995
6825
2693
3573
3526
324
2540
558
6431
1175
3900
3696
2746
5291
6438
5254
6036
7313
7400
6279
7809
3562
832
241
7174
2799
1133
4349
1072
1015
7467
4807
2039
744
7068
5336
6111
408
269
5663
7481
3607
6192
1857
871
7376
7033
5505
1208
7871
5918
1107
6374
85
423
5500
8095
2923
6748
2934
2804
2176
792
4477
2459
1736
3167
5976
1613
5205
3390
3578
4070
1712
3107
6528
2001
5670
6744
7187
2629
5197
6820
6051
4953
5909
6814
1453
2577
6961
5055
5256
4895
3358
981
5832
6695
589
1723
1153
6787
476
7116
4517
333
343
6511
3224
3330
7882
3197
7420
2093
6154
3797
1935
2898
1941
4942
3697
938
979
7431
1109
5052
916
1059
4054
2946
2778
3556
490
3712
5145
7444
4520
3755
1987
1527
7570
7677
8051
1807
5627
3341
132
4774
6600
1253
2924
7062
4081
2991
1345
7523
4867
6884
6766
5194
5938
2696
7279
1953
6039
6147
1731
5366
1331
2310
2387
2352
7115
834
3376
7754
4357
283
6694
5624
337
6580
1310
2914
6246
1879
4453
3645
4300
3379
8064
4498
7994
1734
7227
237
7245
6845
4756
3237
2207
1772
6921
5171
4643
2919
1495
7029
5714
63
6282
5450
2220
1408
475
2407
2132
4419
196
4950
2455
495
5173
5549
409
4353
5266
7680
1947
5250
201
4404
2805
109
4924
4277
6254
1849
5294
6512
2769
7533
5230
5684
3406
319
4025
1030
7864
3247
1578
7586
5887
3362
5928
7273
7076
4241
3029
595
4767
6461
1954
7636
3130
3789
2931
2789
4206
3392
5739
4955
7252
7130
5299
7948
1406
2975
338
6585
1592
1983
3071
1598
2055
4893
7460
307
4330
425
3509
3958
4635
6732
4101
7411
712
3800
732
6611
4868
5814
2962
7916
219
3936
5794
6551
6228
3187
4469
7906
5260
6217
5223
1529
3186
3171
1487
3598
5034
4302
7369
2721
2649
6755
6542
3429
7391
3665
1943
178
2530
5979
286
2121
2210
3576
2367
7395
7543
1251
6291
7647
6248
352
5227
6173
3729
1606
546
4055
5753
6834
7396
8123
3249
7921
5673
2104
7129
23
7804
4254
8067
1226
2326
669
2771
6623
2253
6108
6230
8131
5892
3880
6412
3532
7893
7332
7041
7650
4908
4978
5102
4875
5636
2282
1797
975
7044
5235
5076
3675
6578
1532
6485
2930
5527
5896
8121
3398
253
946
1480
8018
6567
1094
5683
123
3153
1244
19
5441
7524
2278
466
5300
5058
1441
7751
3334
5851
1414
2637
4752
1982
5357
7161
2780
79
6499
1274
5572
273
5466
3363
1906
4131
449
1314
297
5347
3856
5036
5802
74
3457
4515
4775
4146
4723
4270
8033
2397
12
4625
1291
4977
7362
4680
2025
1596
287
2043
7126
5114
360
3584
7485
5452
6664
4863
7766
2816
1407
5404
7886
4426
153
952
1607
1648
6401
1077
2319
421
284
4622
4018
144
6726
7931
5159
4665
5418
4586
4553
4464
8088
5581
4364
645
6109
6303
5054
1272
941
4817
244
1727
1447
4874
7392
816
4399
3286
1185
2949
1013
1470
7260
4913
4639
789
3432
7247
4609
584
1604
2193
2566
4696
940
4948
2578
6389
7603
5434
7150
1978
8022
7263
5427
2708
6652
5085
1289
6563
3932
6188
7528
990
986
3274
6063
310
5503
7085
5631
2528
7513
3731
3629
1633
7639
7658
8106
6900
7162
1803
7439
2744
7770
3531
416
1327
2262
6137
8028
5038
5423
90
2477
4269
919
1913
1218
1799
5004
2135
2116
1261
1636
886
5643
1904
2626
216
7223
970
6081
2562
124
271
1580
4062
6376
6078
6342
7747
4197
959
7656
597
4579
5382
134
5671
108
839
5185
7675
2107
1971
4786
5632
2586
3657
2157
2291
1476
1430
7486
5060
265
2095
6758
7598
6487
5844
4632
4600
3327
3491
4080
7820
1531
2118
1141
644
633
4374
5823
181
3743
7845
643
4133
1346
540
1112
4941
7184
5934
3669
5340
1601
5537
4576
4023
1582
6911
4343
1157
8
1725
4906
3046
1603
3436
1313
4662
3622
513
889
4309
5361
8099
3934
7121
7527
4812
4462
3194
194
4860
6074
4518
3116
4035
2077
7010
2760
3803
1211
1741
5769
1630
4006
574
3372
6157
7442
3045
3987
3142
5377
4045
2292
984
5992
3185
3308
6912
6262
2130
4232
1492
5066
7550
1545
2536
5440
1872
4452
4272
4031
5818
4008
2903
1574
1818
3899
6620
2103
987
3496
6452
3018
4907
5726
1932
750
4022
8024
1186
6895
3649
7310
5801
3684
2335
5228
4203
1085
5876
6843
7201
6309
5772
3492
4656
3370
5821
6713
5288
1463
2425
6463
6628
693
3226
5219
2758
2757
2866
7935
1970
7418
4484
4816
611
4973
1078
7637
2520
5078
3677
6516
3778
7255
7725
3234
1972
4804
1064
5724
745
4549
7061
1684
1287
3337
2111
5660
5840
4012
403
7015
4850
1305
2941
503
5668
258
1724
1838
7026
8050
3728
4811
3839
1959
2624
7917
7251
1985
3543
5395
7553
2844
4737
1283
8031
6860
3066
7609
5573
2580
2882
406
5947
7153
54
1760
3771
2412
1771
3493
5089
7925
7610
4845
3028
2986
1738
1154
1227
67
7891
5579
2299
2933
1824
5846
4039
4424
4851
7071
7979
1563
3872
4666
3126
1585
5942
3829
4328
3304
2288
945
1629
7060
4108
5729
6087
7748
3104
7596
474
1933
4090
6530
6413
8023
6391
1233
1081
5889
3996
2543
1522
3557
7045
4011
4685
7814
620
3268
7286
3588
3203
5474
320
3887
4257
573
368
5368
4619
536
6193
879
6480
7715
6089
1591
2460
3385
364
5749
4687
7183
728
1634
3813
802
575
5629
5911
5524
1955
3933
5626
2452
3651
7231
3124
275
1812
2195
5402
5295
607
874
1861
2213
4748
2518
2414
2658
257
7160
7013
1624
2951
5128
141
3594
7670
6437
688
125
6099
461
3314
5737
5116
3264
6417
8128
5324
974
2661
1951
7741
3896
5792
6370
4818
6459
2829
3273
282
4965
4592
5360
3015
276
1662
877
7374
3471
1279
1209
3830
7435
4987
6235
6745
4770
394
4547
417
5562
2256
6475
5937
3799
6481
4437
3350
5983
6223
6670
6241
2674
3036
4367
7226
4839
3529
7769
6260
2698
1704
5958
3535
6665
3095
6045
5486
820
1991
3687
3997
3722
5488
5015
6998
5322
6324
2114
3916
7681
6714
2328
4841
3499
5016
390
817
7492
5311
3454
7469
5463
2538
2161
7976
827
7466
5733
2447
5118
3112
7815
3759
6296
5616
6546
6634
2363
5184
6554
507
7152
5411
5502
8069
1950
5070
299
2293
1353
5189
5567
2265
1806
4769
7984
3245
189
868
1615
6949
3581
7857
4709
5891
6893
4185
5560
6482
6610
1238
7742
163
1096
3600
4175
4974
7519
2269
3647
1501
3835
1535
7705
1909
1652
1111
915
7930
2565
1138
1486
2428
2257
1413
1735
719
2046
8080
268
1488
2392
5414
2463
957
3217
7274
7691
720
2454
2807
4324
1401
1809
3294
1156
1265
2097
6830
4928
4244
1705
550
2504
2359
6609
7312
118
4256
1962
7970
6488
2617
3524
7518
5745
1024
7432
2569
4306
7363
7885
391
1404
1562
8058
8120
1041
1645
4773
5641
5701
1199
5968
2942
5330
6802
167
8094
4670
7354
2230
1870
1161
998
7046
342
6136
5011
2009
3480
4543
2323
4182
4075
3986
1228
7904
5620
7630
518
7075
353
2849
3699
2054
7578
3801
4416
2679
1179
1146
5124
1746
4599
2615
295
5470
3466
6270
7829
2939
1496
3132
5994
4690
4028
4958
60
2837
912
1618
926
6785
5129
7752
4207
4533
3905
2086
3091
5262
1095
4519
5238
5047
2259
1901
6371
7283
6181
202
4650
7471
4985
4352
5575
8046
354
3752
5915
2713
1808
2675
182
3005
3717
5344
1195
1766
5595
7445
2194
8134
3044
3115
2061
4387
5884
7714
5308
6148
6201
2124
6102
3861
1387
6733
2167
2564
2327
1160
7724
5180
8044
7830
3135
4751
7065
2724
831
7951
6446
2736
3818
7559
482
3981
4715
7772
7008
7839
1290
1360
5169
6398
1516
3263
7304
7051
4373
5257
4239
835
6222
370
4962
1174
6729
89
3589
7030
5717
3111
7784
1566
1616
3816
6770
1467
766
3810
4597
3469
6942
7612
2123
1097
7825
6170
3705
809
5563
2343
7219
86
6903
7401
7093
7812
7653
3507
1996
5331
3822
147
708
5207
3760
2822
7575
4584
6922
3533
3630
1231
2859
4552
1139
2186
7399
402
6722
3443
7246
4017
4106
7472
5372
7913
626
4210
5115
7096
1761
7027
3323
2791
3683
753
4814
187
6618
6873
68
1589
263
3534
5478
6311
4201
3828
1628
6730
2301
1039
17
3414
5329
1576
6441
3216
1682
4142
7737
3441
2557
122
7801
3026
1286
6236
1973
914
1542
6211
4079
488
7043
7938
4355
6556
6168
6568
2508
2029
4971
4682
2992
7833
6535
4700
5275
7398
6064
5936
1719
6445
7277
113
7372
4384
7229
5137
660
5538
3898
1730
3147
2347
2976
3842
7463
3371
7816
4843
548
1308
6422
1968
3103
5694
143
7655
5131
6125
4976
5397
7671
808
6658
3034
7734
6090
5221
279
304
5342
2609
6937
2063
5087
4369
1770
8113
5392
3941
3895
2307
6069
4188
3099
3808
3402
1011
458
1827
336
5685
4815
2998
7521
1262
7844
1343
3070
7701
4881
4991
2212
2356
603
650
1903
1693
2788
3233
4278
5393
34
7846
5528
5980
4122
4084
2020
2943
1659
1929
6095
5554
2913
5191
6470
369
4327
724
3978
2857
6995
2801
1691
3189
3340
1193
829
2294
7731
2501
2203
135
6416
4163
1721
6249
7403
2490
7305
4711
4082
4145
1377
4474
2099
3616
5752
2342
5658
995
424
1740
962
5267
3027
2623
2179
1384
5337
3894
229
6094
7969
1894
1925
3352
791
2671
5715
7413
2774
2325
8041
2475
2143
1678
6290
6869
3232
1118
1847
5837
4242
4762
1864
3866
2779
1863
3974
5082
1342
5907
4505
2241
4398
4728
1140
3313
971
450
2584
2236
906
1324
2183
641
4195
3627
4455
4157
3666
6818
2419
7047
6028
4905
3820
3676
3470
1608
4097
3164
3817
921
2681
1949
6887
3668
2263
6678
126
4406
3100
2551
7798
530
2560
3633
905
7740
4808
222
5596
2783
3423
7269
2764
5988
7602
3257
1976
5290
4229
3386
1742
6070
5012
1732
2228
1330
6115
2131
5743
4422
2552
6409
4056
4560
5592
7450
2064
7256
6644
6761
6287
6003
5967
804
3008
7926
190
516
460
1726
3751
4180
4048
4432
5040
843
2436
5905
3541
3761
7761
7137
4788
5831
7114
1820
7155
2202
6859
6414
4467
7601
1403
4937
1461
5613
3040
3639
5289
3700
3724
5198
3482
4510
100
5708
7430
566
4488
4135
1399
4541
659
4214
4159
4224
4291
3265
1405
87
3310
3982
2532
2707
6493
6408
7138
7388
2516
2870
6012
7443
5168
4057
7178
1321
7299
7574
3133
880
4939
4654
6365
38
1791
7910
102
7048
528
8087
1816
6046
7589
6824
6978
1053
5386
7055
6959
7402
7897
553
591
593
3049
5570
5467
1499
701
2222
842
7545
1066
4130
5345
545
4184
5049
6314
1104
4528
4401
1176
7541
6196
3682
1688
824
2517
32
2364
5519
5646
5987
6656
2311
7117
865
1828
6014
7384
3924
3948
4393
4299
6601
2862
6637
3182
3635
698
2735
6953
3790
1667
50
6022
1426
3845
2170
1552
4100
7221
4540
7234
2990
4485
2234
7908
2533
2593
876
139
5925
4263
3442
6955
721
404
477
3688
7166
6545
3114
7204
1439
4653
2073
2646
1415
6330
7023
6375
4886
349
3518
4204
1257
2512
1028
498
3485
3709
2612
4128
5857
6638
7024
1595
7956
5858
4585
5313
3474
4714
6101
7282
6097
7678
5898
1883
891
5265
2279
5507
6862
2645
6847
7909
4047
4784
227
5007
3128
6706
2171
4194
3174
5932
7132
4073
5165
4694
6941
6764
6209
1928
2217
3093
1263
2133
778
6989
4170
606
5274
4921
8091
4428
6433
5088
2908
3648
2315
6219
4164
3505
3117
4793
7802
6736
1965
869
1132
3113
4466
4898
2575
7555
4220
5916
7529
2163
3054
434
5904
3431
1938
3085
7989
7179
4153
4049
7654
7722
2747
7493
3290
6259
7345
7294
894
556
1465
5406
7530
5146
1625
4329
3636
2430
3706
7222
6144
569
2295
6055
1065
2197
2716
1588
1720
3963
3487
1729
848
3520
6990
5710
6225
3303
6315
7700
64
5390
3703
6269
6366
567
7113
7338
7182
847
4743
3007
7960
7308
7491
664
36
6424
4920
7215
4645
3108
6077
5817
2635
7270
8043
5264
221
3805
7851
7551
3412
3416
7436
195
5587
7074
1151
7642
6058
5787
4853
4966
1887
689
565
8025
3149
5272
3794
5852
5388
1679
1002
5529
2012
6455
2329
543
2276
3089
5027
2912
1481
2714
7343
6857
6526
7149
3175
3271
5349
5400
5536
1258
6573
3446
3329
2059
6018
2667
5651
1472
6927
6555
4859
2149
6029
239
856
7841
2772
3753
6013
6172
3206
6633
7522
1270
5945
3404
5468
3989
6898
3838
385
1005
5237
5722
806
7901
2089
5061
578
1054
6856
7959
6691
5969
2889
6881
6882
4755
1236
1881
1252
161
951
6319
8068
6552
6561
4379
1897
7462
7826
581
331
5383
5327
3957
2277
4366
7537
7039
4719
7064
6377
2639
2610
7584
3965
4822
106
78
5363
502
1743
6613
3127
1937
561
4219
3383
5430
7710
6668
1093
7268
5773
525
3475
1577
5957
5247
4606
6711
5755
803
2050
4217
383
3064
4897
7645
7978
3984
7408
4848
2650
3080
6759
1322
884
6124
4611
7684
1460
7382
1565
1381
703
6521
4561
3399
776
2246
266
6737
7189
6280
7423
4801
4559
4285
7205
4044
7716
5559
4060
1869
1837
8075
4697
4562
6360
692
3262
2790
6322
2443
3006
579
511
5166
5580
3031
2060
1328
7811
4914
6355
1069
3644
3902
4790
4538
2550
7836
1187
192
2763
2393
5981
7620
2591
6769
2390
4318
4870
1110
6140
568
1318
8100
6988
2400
2522
873
2483
1172
4345
2493
2545
6151
4598
6467
642
312
1183
6496
6779
4732
2117
5160
3938
4288
1669
7516
281
4960
3773
7668
6519
2438
8057
7386
4832
6797
5888
4644
110
305
6334
3377
6410
3030
823
7197
3439
2892
3513
4126
7508
1695
4053
1493
6307
1462
794
6870
6460
2192
4431
4997
7795
7364
1243
1800
4502
2640
3209
3042
7505
5126
2896
3427
5917
3796
1455
3424
7692
7720
3495
6829
3960
2049
318
1544
261
5100
7108
4624
6415
683
1040
6947
7328
3
4115
3612
5765
11
5991
2333
8101
3568
3514
1131
7688
280
5815
4468
80
238
1103
37
1643
2281
1680
2044
3891
5956
3855
658
3875
3656
7242
4172
5444
3084
4969
7348
6784
5550
8017
6288
4899
7504
5396
4781
5711
1510
367
4209
999
2079
1090
5899
6523
7385
5095
6382
3716
1378
2887
6958
7985
2048
1718
2515
2633
7102
6066
5449
5167
6833
7831
5462
5962
6183
7012
7089
6363
6429
7072
4740
81
976
3320
4802
4986
2740
7666
3292
5176
6454
6514
4414
5187
713
5948
8124
5416
1333
112
1509
3921
4289
82
3714
7145
308
7759
4235
1564
6494
2900
1302
5514
1450
387
3241
1240
2834
5130
2239
6643
4361
6026
6940
697
3537
532
3563
977
1590
2184
6034
396
3312
1539
1125
3227
224
5179
5506
7356
5093
1468
3255
583
8012
5865
3741
2125
3888
678
347
5144
6323
3910
300
7293
8016
199
819
4806
42
2958
7176
2405
1855
3411
97
4372
663
7298
7040
7253
3565
2258
2761
3587
8066
4271
442
7239
4208
4000
841
4572
4332
7433
3685
2868
218
2737
1826
5990
379
1511
2732
138
2953
6384
559
446
7168
2694
7415
6293
4981
193
31
3048
7501
1388
5893
4446
6169
6593
1194
6913
5586
7810
5576
1833
7837
454
521
5186
5120
8042
5412
7473
774
3566
494
6231
2018
6849
3745
2478
3774
5296
6443
2464
1647
4678
6967
7459
674
2434
4550
4042
1810
4922
3298
3391
6145
6367
1717
372
6648
928
1573
2984
232
392
3569
563
4919
5716
4394
6815
4765
1155
6407
1445
7482
5598
2730
2554
4340
262
2214
5674
6400
7412
170
3912
5864
2026
3610
8096
3236
4836
3897
4628
7599
988
1060
2697
478
4872
3615
4838
4679
7980
1336
1134
2437
2710
278
2704
384
2858
665
2651
798
725
7261
6754
6608
2002
6822
4734
382
3067
661
7764
1224
6669
3039
117
6135
7228
1068
3468
8093
3609
5972
5906
5870
4402
6667
3577
1834
3146
422
3914
3782
1749
738
7196
6247
6698
5030
7086
922
2692
2038
7890
7977
5229
3143
1018
3283
7172
524
6864
1410
2126
911
6786
6740
7375
7997
5448
2928
6863
4247
5323
5688
7014
2178
6676
5943
6907
4982
1948
852
9
2354
4442
4348
6491
2358
5805
6767
3285
4305
3885
6837
5647
7622
5483
8003
4944
6809
549
5226
5108
2034
2098
730
4166
3690
2350
7535
7685
5709
5583
1969
6827
5195
61
6385
4753
6536
4434
6139
2935
4640
5965
6344
2611
359
1494
6819
2216
4527
7635
7726
6369
4904
4041
5577
4578
6439
5640
6635
2753
2773
5771
3488
6444
5
980
2576
270
76
6212
3521
1044
2223
4040
2033
411
7968
6427
3586
3205
679
2403
4417
1865
4536
4420
1944
7353
5689
2603
7502
8027
881
2462
2204
5919
1442
6052
7796
1420
7562
4098
7843
3947
1802
1473
6160
4368
