3971
7131
1876
2861
347
760
4831
4307
3717
2692
6218
2561
1326
2880
4141
3164
6518
3257
6240
2578
7399
2620
2759
2349
3430
2754
7716
7373
4615
3989
12
5228
3726
2568
1110
2656
1543
2376
7221
6712
2614
4190
374
2125
5160
4119
512
5434
4126
1956
2831
3747
2072
5847
345
4449
7734
2813
6410
7321
6229
3703
6039
4558
7747
4593
7580
1376
7049
3755
4378
7323
2849
4127
533
6347
5825
8088
6803
5059
3320
2324
5483
5969
8033
7592
7263
285
3512
6778
3001
1299
5448
8097
3039
2297
2165
24
3180
3767
1886
6069
2321
6251
6748
2379
5000
2645
466
8010
6013
7587
6929
1419
6957
359
1049
5517
3138
3020
7895
7288
1621
6718
6783
3151
6591
7638
8069
5689
2118
2993
2936
1486
6978
4334
2289
2258
1205
1423
5954
6966
6193
7327
2070
7567
3380
2729
7637
3055
2008
6566
5866
5790
6131
6020
5855
6532
5382
7985
578
169
4957
7704
1771
4667
7435
5513
6675
1177
7304
4270
1397
2856
841
2931
5073
6690
4191
4195
5529
5956
3920
4982
3422
633
5340
5896
2553
2663
1089
0
2479
5549
3975
3708
3625
3977
5290
3978
6930
6138
1183
6554
2042
7450
7118
7060
2841
2169
171
6878
6650
2417
4645
6224
6308
8003
1614
2903
6488
5351
2559
473
1331
2465
3101
6813
8106
869
6684
587
1553
2023
5968
1907
4791
238
3207
2172
5227
6924
39
2902
8043
2144
3356
193
1298
2923
6953
7863
1219
895
4561
333
2372
5691
2456
6221
4073
4311
6887
7011
8008
2623
1763
7569
7027
2056
7086
3424
694
5698
1701
7141
4107
2527
3420
4515
7184
5967
7768
5003
1218
4319
657
5661
1372
3562
5726
4236
4735
2810
2156
2858
2660
3604
3929
7193
7358
7046
4604
6451
424
6465
4841
7524
1225
6876
4467
2521
3162
7115
4945
4102
7194
5739
2327
555
6797
5683
622
3634
8084
7720
7766
4689
1227
6017
1519
497
3442
216
7174
5959
4846
6663
1250
4609
3385
5747
2514
6544
3642
3586
7472
2076
2375
2547
309
5684
2965
6429
6435
6714
713
1223
5957
5267
7136
8113
7728
7927
6405
4246
162
479
7822
4984
1891
5999
2243
6832
3394
7689
777
3826
1238
5189
7045
3580
4633
4513
7119
1162
7481
2250
6973
6084
5507
515
7318
7799
2657
2328
2227
3334
4024
3593
3368
5004
3069
2887
5545
7851
2661
4212
2138
5250
5669
6365
4769
5455
3038
5763
3140
2513
3998
5837
155
1696
4605
7525
2945
6680
5571
1051
2694
1173
3572
1603
3840
3897
3047
2333
7787
5365
1781
6256
1720
7269
6275
4743
1233
3203
6664
4591
1234
4367
2593
556
7850
7243
3758
2278
7928
6317
3226
3489
5951
4626
2544
793
808
3952
3248
6469
7751
6594
1175
5621
2434
195
267
4259
1350
3483
531
723
6830
509
6442
2401
3704
1748
2235
1393
4688
4138
2829
4935
4451
6342
1984
4128
3671
3664
8039
1550
842
178
5438
969
864
5135
5826
2997
1493
7654
7797
3035
2097
1192
5915
4169
6325
2878
4201
3861
4423
4163
7532
1641
5730
5259
2691
6756
1003
308
7364
6316
6122
1820
4456
7283
3656
5400
6688
6246
493
5835
5399
3448
641
6172
4678
6311
6604
3025
7279
3627
4878
183
1532
2009
4356
4614
7485
4856
161
5075
796
6726
4845
7149
7913
3910
6480
2716
1186
7175
1163
4936
6186
834
5248
2193
5836
2820
4015
4762
3439
4502
6166
279
6971
2704
5
1416
6612
7769
5097
6801
4346
3446
1007
7211
5902
3626
5101
8055
631
1127
4166
5491
4754
4401
1083
5096
5317
2946
6386
186
354
6617
5095
7590
4676
6721
6159
271
1539
1866
6269
4619
4572
7896
5544
7208
3637
7748
3892
5810
7949
699
3853
813
3780
4612
4963
2415
7310
2190
2233
5851
4700
6454
5440
2789
4525
6636
5539
2696
5450
5779
1929
3982
5380
1476
3503
7267
2206
13
7453
3621
4610
6853
4261
3347
2494
2195
84
1690
8012
2712
4217
695
4938
4407
1349
5364
4118
3837
7731
927
7578
8063
6773
2726
5528
826
5907
5465
5958
5503
519
6137
2999
5547
1706
541
7673
6207
4687
492
2086
4384
7324
5277
4824
4129
3860
3666
5895
6222
2870
6976
7618
5468
1981
7548
4330
788
2486
3713
1290
1294
4421
1174
269
2168
2071
6561
3893
3116
6896
1670
5880
1562
405
6822
4603
1622
7537
2088
1289
6649
4500
576
3467
6614
7255
7322
7741
3906
1946
5795
6750
4790
1864
3535
4853
756
7844
4662
7466
2636
2662
5356
1092
6946
943
2253
1408
5551
7705
3197
6471
5424
1456
6299
7815
4394
6995
4660
8098
6504
810
459
6382
644
7209
2641
6537
5722
2447
2019
4312
3825
995
1894
1645
2149
7861
2685
1435
4481
530
3003
1164
816
3349
7070
3457
2053
435
2441
1146
6802
3440
6740
1943
4232
5121
3754
5953
5965
6202
7540
994
3131
1118
7562
5932
6477
5594
1675
3407
3974
1129
1341
7825
843
6666
1724
5973
196
5833
1268
2556
7446
3494
2449
491
7897
4144
3814
3204
2570
1465
2089
7971
7528
6490
2129
1014
4884
6157
2822
5859
1648
3106
4437
2450
8009
349
6276
4553
6965
3743
7991
4410
1777
7385
5013
5719
184
3080
5299
5978
5619
6992
4575
3886
7557
6755
5514
7010
4273
1084
6810
3799
3776
3006
1115
7739
6070
674
6587
7826
3686
1962
1737
2436
8089
5802
7439
1942
6564
7656
1914
7030
525
4551
2551
4440
2909
2218
7749
3511
6920
2236
3167
1080
6422
2526
8131
1377
3752
603
4514
1230
7842
3346
1860
735
1471
2775
935
7994
4943
89
185
3603
3284
2558
3058
5590
5732
5840
3800
1668
1788
3817
25
930
3208
3434
3660
617
4882
4445
5533
5034
6743
7952
6282
3171
6671
6140
655
666
3247
2969
6100
6747
8081
6296
7497
1093
6669
7244
2388
5389
2266
3265
1477
4335
281
2075
7603
5490
592
3373
4099
1607
1601
7710
331
2847
5053
4519
4998
7722
73
5113
6165
3749
4322
436
3810
847
7106
4805
791
4854
4778
5154
6796
3082
2395
7055
4958
7037
8050
6016
465
2850
4690
3980
7234
4501
2843
5325
1509
2150
5519
29
4133
6403
1167
3735
5134
775
7140
1274
3018
7034
7883
5981
4814
3623
6173
6068
975
5894
3718
2751
6799
4699
6180
177
257
4483
959
3841
5770
5998
451
1264
3769
2863
1595
6255
3040
206
4296
4774
3536
6934
7145
7371
5390
6912
2618
5574
3259
4602
6424
4366
3200
6331
3502
2981
5319
6265
939
1983
1039
978
5255
3934
2992
5904
706
6404
7820
1295
111
3790
849
7362
4968
1530
3990
2274
7181
827
2522
121
7275
4899
2458
4459
4283
6765
5808
6909
2407
675
8080
911
64
3433
4340
287
8049
588
2548
3551
3189
4556
3441
4925
2482
2485
2224
4434
4798
4390
3118
938
6987
6293
6476
4977
3828
6702
4176
7155
2030
7833
7650
7213
7014
2116
6913
5771
6079
3807
941
2655
594
1492
7154
6354
6609
5428
1368
7806
5354
7085
3100
4876
8114
38
3141
3809
1241
5863
4800
6392
3736
4597
3243
3701
4696
180
3797
1663
5737
4069
3260
2760
2354
4651
1842
5385
7015
7294
198
7108
6709
1853
48
2443
3250
4734
2677
1551
5373
7144
7008
4333
3150
4779
6105
3697
3231
3693
103
480
767
8019
7197
355
4147
7498
7384
203
4313
5568
1899
3024
2251
61
2007
4037
1278
4964
2330
6064
1952
7742
7035
6545
6164
5435
1320
5634
7966
5786
5641
5827
4898
6703
1237
5666
7402
4010
4966
710
4108
1479
6063
2771
912
6081
1613
1155
2184
6610
7688
5303
7159
1846
5270
1786
6895
4740
3507
4124
5523
553
3122
8058
1925
7433
6066
4624
6228
3270
3165
2781
4887
4748
7740
7832
4001
7487
2110
3303
8083
1862
2819
3160
5736
41
3409
548
5132
5383
6041
5425
6827
4809
1556
4776
1865
7933
1674
477
7337
2535
2542
129
5979
4961
5051
798
3900
1087
4469
6899
7758
2724
7607
2844
2358
7796
2597
4839
7517
6290
4888
1086
4546
5911
5241
5108
315
724
5044
6826
6560
3053
672
2947
692
404
4132
671
7403
6074
6630
4064
5446
2624
6549
8061
646
120
1999
3689
3869
1100
6502
52
2041
7970
5111
1024
1134
3659
5374
893
3229
6027
275
3847
6114
1370
3582
1916
4852
3193
277
5297
433
4388
6865
96
1176
2681
2958
7088
766
3497
7302
908
7076
7755
7838
7536
2531
1837
1421
4258
398
2148
3639
2103
3513
3134
4706
6389
6919
889
6381
1676
3857
4836
2871
4670
6458
3227
7529
7989
7775
1822
7282
3574
4630
5224
931
7583
3252
6525
2809
4288
8095
4047
1982
989
757
1841
6685
6641
6304
2637
4773
7445
108
7629
6563
5537
3432
4708
2974
825
7849
6179
6338
7077
110
2337
6949
5041
1818
1109
2509
2667
1454
2314
5105
2515
3587
2281
3822
3343
2451
7429
1616
7648
836
5426
6729
4745
2539
2525
2301
3279
6908
7013
4649
1392
3676
5348
6408
2132
3123
4803
49
5239
4287
4227
701
462
1592
3157
6291
5524
3555
7301
7459
6583
7210
7737
4435
4942
7987
1044
5352
5562
229
7133
3233
716
4797
2980
8021
7635
268
3133
2982
8119
4532
326
4918
1187
7639
3114
7200
1239
3186
3651
7426
7810
2246
6001
4639
661
4084
3216
6457
1911
6446
6363
5346
142
4548
3566
5347
613
3579
5494
2642
4092
6673
3707
2084
5640
6562
1600
3155
428
7765
5187
2189
2977
7296
2848
2312
7791
3173
2743
7024
5711
1138
1151
1266
6980
6735
1124
7420
2355
5333
3297
7594
5140
905
3851
1385
2427
6868
5707
6850
1608
486
7465
6781
2060
2569
1422
814
1494
2937
6030
2546
1235
2472
7432
7560
321
7421
5714
124
7757
522
2801
2323
5649
2610
5229
7206
1734
4105
4916
1273
4764
5218
385
3881
131
1463
6993
2484
6285
10
77
7078
1062
7782
363
682
2757
4715
7238
481
6248
99
7611
5913
4724
1990
2418
678
282
2143
4208
5710
2413
3633
1677
7572
1647
3105
727
3307
4165
4765
7965
7132
5180
3525
3761
557
6032
1052
3275
1386
1941
2194
7424
5794
2703
3354
6183
665
5807
6800
1446
1732
6236
1975
7274
6417
3542
616
4564
1081
5014
7733
4497
7081
1119
992
5265
3294
6771
6855
1688
1139
3375
5314
6916
591
6289
2800
2985
7978
2457
2995
1669
2852
5077
4174
2101
5809
1317
6324
5531
4028
7690
1207
7571
1191
4122
2045
1148
5949
8020
5454
6158
4785
109
4869
4142
2347
4782
2370
45
532
3061
6785
3021
1467
2756
3734
5729
3056
7803
393
2738
4838
3848
712
2919
560
346
416
6176
5966
172
4298
7938
7558
2021
318
6900
3188
1194
2599
8064
2833
3065
4653
3963
7981
6821
3909
4058
4433
5725
329
964
1717
6239
590
1652
3042
2534
5028
387
8120
4511
3472
5785
5123
7854
6575
7948
1882
7251
3096
609
4840
7256
370
3269
3255
5912
1156
1374
5291
6472
3923
510
2119
4155
30
4248
5586
6640
1546
434
7595
1686
3526
1508
1968
1489
5777
4808
4115
8053
536
3592
3372
1536
7448
7668
6541
2249
549
2612
3358
1642
7596
5118
6194
3341
6433
150
976
6792
1859
4691
5905
1122
2331
4742
3588
1700
293
1245
2046
7305
5801
232
1921
7148
2943
444
3834
2678
4409
5842
7397
5566
4453
1316
6411
5342
3318
3274
883
1651
5403
11
7795
6088
3987
5171
7771
4692
840
4850
5690
1312
4262
5064
3312
7419
5251
552
7228
1552
1
5734
2621
5843
6590
4448
5168
7554
5582
2181
2352
3699
4822
6834
2782
7375
5930
3862
1698
1318
4377
1428
854
5983
5475
5190
3805
350
6109
4997
1719
4225
4309
3054
6146
316
3729
8126
3159
7451
1053
1629
913
3209
6536
4360
861
6945
8133
5934
6862
141
6559
5445
1472
3979
795
636
1782
524
5717
3915
7642
3618
3043
956
7591
3856
5508
1623
6947
1889
4677
1458
7171
2431
7871
7774
4193
6840
1029
6151
3819
3508
691
3818
6482
2602
3117
689
6273
325
6984
7680
5885
1244
4431
570
4644
6572
2105
7431
4352
7781
2713
831
4209
6268
3057
5996
3136
2475
5752
4216
7299
7547
3287
1755
4234
4343
801
811
27
2026
7093
5862
1633
7869
3936
7351
464
7438
278
6462
4395
2426
6691
3007
1746
5372
7588
5498
3653
1048
5575
2818
958
5388
4455
6734
7725
4886
7464
274
7257
5540
3425
5854
5675
1870
6697
3692
3308
6530
3614
3012
2459
1604
1653
7047
8038
6478
7660
5776
2478
5745
3232
6809
2244
5139
132
3285
3437
3412
4042
1325
4849
7114
6627
4759
5206
6055
6784
2131
4308
787
4008
2978
94
7390
1339
5916
1229
7116
380
2284
3063
328
7315
5112
6877
8068
5226
2772
5268
4693
5871
7916
6315
7760
2592
4485
3745
8007
3218
189
1986
3927
4844
4094
5595
4675
6393
5442
2926
7960
7628
2408
1867
7232
2857
231
7909
211
3008
4230
7872
7452
1757
5820
5452
8129
2735
1365
6634
2882
7951
7697
5427
5464
5814
3119
7001
6723
448
6864
3823
3937
114
871
2270
6423
2108
2027
6732
1395
5900
746
3423
2257
3964
3965
5470
4703
6044
610
3951
1165
5947
1112
7361
4051
7229
944
7212
1958
59
4510
4802
5467
5909
3072
1959
1010
1827
4674
2387
3976
1548
6279
3447
1797
2776
860
5104
5405
5917
244
5805
7723
6344
6738
1555
6010
894
4065
2746
3288
7069
2452
7853
3942
2697
5198
1561
4562
1302
430
7848
7942
3972
4493
5709
771
8090
4524
3465
681
4761
4149
5541
5952
7661
3353
5657
7947
2315
5417
7975
3821
7376
1913
8094
2507
4121
7875
46
4744
7500
1945
2405
5147
3829
2899
7214
3594
821
3060
4090
7142
4507
2631
7879
945
4635
4228
1015
1873
1429
3098
6633
391
7003
2765
4941
4358
7360
4552
6168
3436
1038
1499
1441
640
7382
5126
7678
542
5232
3142
4508
4153
7236
1420
3210
2594
2740
5728
4135
508
2719
6394
547
3326
1434
3599
7568
367
3345
5629
372
3946
5260
835
5310
4067
6940
7955
4184
1380
7409
3832
4411
3471
4731
7773
5423
3611
3376
3678
102
2929
6818
1515
3397
2524
1565
6196
3563
6087
5153
228
4874
2591
4075
7073
2003
6117
676
4672
7712
7617
6357
456
4757
4777
5183
2989
4048
7745
2083
1300
202
6815
4729
668
1963
7425
568
1389
1444
4906
2219
6869
1997
5145
4182
2466
7075
8107
5985
2567
1077
1857
1948
2136
2318
3546
6705
1399
2588
7827
6692
1391
7711
2104
2698
1843
3924
1660
1678
112
2720
4036
127
2223
7615
1792
6906
1073
7245
5716
3665
919
7217
3377
7447
5977
7979
981
2177
4795
1654
2033
2867
6856
6656
3903
772
1276
6689
7602
6521
188
7521
6632
4189
1727
7619
1542
5612
2226
8002
4704
6216
6848
6770
6847
5811
2107
4179
1845
2927
1800
7349
3548
2711
2634
7320
3094
5644
1694
5570
2279
7531
880
6072
6023
7624
5601
5577
6310
327
4747
19
7664
2134
7441
7586
3335
5453
5068
4063
248
3427
1116
4598
5128
6427
3237
4531
2876
5623
3669
3222
6463
7785
7297
3282
4596
6003
4736
4684
1950
4080
4402
4241
2944
3398
2090
3103
6497
7693
2383
5746
6102
7898
737
5921
400
5559
118
5642
6658
3146
5292
2368
4370
3796
5946
3712
902
1101
3759
258
4557
1248
21
8018
3605
1828
6589
4951
3521
2617
2638
5630
7672
563
722
1292
5997
3093
5702
344
1784
6645
5558
7071
4758
5723
3694
8075
4981
4955
6360
632
6586
819
5569
1874
1327
800
4987
658
1430
5220
3968
453
7162
2854
4897
6505
762
1150
4002
2081
1255
4364
6253
151
6198
4587
3772
5176
5543
174
5045
5193
4877
6436
3391
3426
5219
7604
5048
4134
730
3854
5995
2241
5829
5615
6713
1835
4919
7308
2911
7620
5670
7281
761
4290
3873
3002
5402
91
1342
7912
3649
2158
1025
5479
812
5199
7218
3744
5950
6096
4978
868
1301
4512
6986
319
6677
6349
2338
5797
3480
872
7333
4269
6455
4875
1574
1485
7428
182
2404
3537
2609
3466
3638
4018
3540
6057
1332
4641
5906
1180
537
3948
4975
3728
58
6439
6298
790
176
187
7993
6534
1090
3078
3401
3501
5397
1656
2611
4664
882
5286
3453
5677
2176
7365
3629
3486
1718
4106
7878
7185
4279
7817
1383
7051
6719
7919
1965
1054
5611
4540
2490
1754
948
252
83
7736
7980
1830
503
2959
1683
6653
1813
3719
2589
629
2145
3879
7874
6672
7901
5620
5281
2505
4385
750
968
2508
7703
2094
3714
2728
5115
3350
3429
1297
4294
179
3487
3355
1281
6730
2440
8041
3583
2881
4426
7347
3945
6568
2357
6352
1032
1466
2024
1896
3509
3622
6716
2051
2872
5914
6790
7936
1529
7616
4668
283
4772
3597
5182
6169
1483
7380
4275
3751
4574
3901
1352
2826
602
3788
6512
2386
6337
1117
3672
7696
1872
4912
765
2335
5961
3028
3388
6083
7117
1570
6210
546
2367
1640
7805
6267
1762
43
929
4613
7699
23
2920
4003
7702
3258
4479
5864
2939
3702
4200
608
4885
612
5849
249
2727
2986
7692
8076
6306
5391
5457
7717
234
449
2533
2137
6635
4713
1130
2665
2362
5875
1036
243
5617
4379
250
3241
6108
6994
5626
696
626
742
7666
4428
2078
2824
6657
7006
2142
6053
5083
4391
4720
409
340
6127
852
3079
3770
4806
4226
6975
4962
7312
3192
7553
6602
2576
623
4529
7859
2975
7138
2562
4477
2886
7865
5306
5043
4956
1869
5418
8014
1590
5011
526
4973
2448
130
3029
1253
1610
1126
1040
7239
4282
991
7317
4657
7542
6413
5867
1345
5882
7658
7961
5436
1594
6642
4005
4789
6629
1288
455
3849
5696
3009
1773
4365
441
5792
1825
3846
3833
6387
5789
2814
5898
934
6955
5404
7150
4827
4240
1559
7271
1783
3379
7412
953
4157
6406
2286
7647
3940
261
4139
6662
4817
1926
4361
3868
1037
4974
7612
7974
4474
2901
6237
1636
7113
1275
1484
5321
2309
3267
2774
6737
4072
2837
5054
2742
3784
4547
582
403
7837
7469
5688
4712
3460
6144
1966
2361
7440
4872
6445
7250
1814
6731
6539
5988
6760
7752
5815
3277
5787
1723
5240
8116
5065
7840
4414
1199
6412
6029
6492
6567
1212
1742
4580
5622
3684
6959
1749
356
4371
1013
442
5532
6555
8036
502
5749
71
3831
753
6524
4473
1627
802
3938
3883
2122
7743
3163
7885
7476
7698
2860
2276
6805
3083
5324
6706
4338
3999
4026
6005
3185
5708
6078
5316
1027
3225
6763
4489
7398
6661
7309
3064
7095
7908
7067
7876
4251
8101
5868
3983
212
2643
7830
2317
3863
2424
1733
303
2099
7374
817
7732
7191
7501
624
2047
7967
4842
2767
6903
7860
4235
845
3045
1760
2523
3845
1726
7128
7605
518
5588
2913
4578
5678
789
3793
8086
3017
5273
6440
4881
3716
1679
7087
4376
2529
7906
1405
4061
5217
4328
2066
3723
6274
7694
3348
5212
301
6351
7041
4202
643
2300
3321
1242
1586
3239
1270
6171
5246
2079
2540
550
467
7761
6619
2201
4813
3895
6205
4039
82
7460
6181
5174
6508
429
5266
2238
4160
5165
2830
2287
2154
7836
7410
6552
1206
6200
2444
339
4714
2693
5179
3305
1673
5610
1236
2960
6846
2616
2468
1453
5970
7353
3738
8054
6698
6933
300
7691
1883
3935
3435
1971
1323
4162
4020
5327
2155
3884
4544
4530
1226
3475
1664
266
2348
317
407
4237
7738
3404
6036
516
5253
2851
1121
6951
1069
2784
5955
8040
488
1573
2827
6400
3967
1474
6188
1937
4265
3013
6073
6065
5473
1232
4895
6178
5766
717
7342
371
1196
3315
1991
1262
2237
6040
6185
6825
5102
2930
2718
7934
1005
2185
963
7770
47
6687
1856
6320
4565
3746
7252
5472
920
1448
565
6241
1279
7052
3612
7129
4412
6115
1927
4804
6741
6580
5032
3609
4976
997
7325
7645
3022
7828
2575
7292
5764
5203
4695
4049
4767
2752
1580
6625
6071
6272
4796
167
2672
2955
7996
7584
5204
6528
5019
5877
3389
3905
768
2839
647
1933
1436
2511
7944
7972
838
2773
3882
307
2277
583
4560
2686
3075
4900
985
2329
4054
437
778
3880
5838
5700
5561
4397
1418
330
5335
5744
1523
5129
311
2736
3973
1411
6881
3515
4432
755
5055
201
1890
7800
3181
6623
389
4933
4586
8
157
2770
2928
5195
2011
2652
7475
3330
5030
933
952
6328
1730
1973
3051
6449
4066
7405
3675
7926
820
3254
2950
2733
6968
6141
833
3600
376
8045
5012
3522
7204
2794
338
870
3217
946
663
6551
3991
5852
970
4555
1303
138
684
6238
7922
6045
6283
3532
5908
2098
6696
2040
5456
4617
7744
4995
3919
2879
3698
2549
4188
6270
1693
5772
4300
4199
7575
3399
2792
3608
291
6804
2159
7856
6147
3636
5632
2120
4768
5926
1369
194
2402
5751
14
1384
5157
6008
1085
2906
3620
323
4907
3015
1628
5305
1021
6402
1240
4284
5608
7843
6095
7074
1023
815
1258
3089
977
1050
5903
2869
652
3939
604
5341
6608
923
4417
5648
6584
4476
1182
6234
4170
5215
2200
6263
5208
1832
4717
1060
7482
1035
1286
4408
1272
2433
6926
6271
2749
3670
5406
5159
5110
890
6807
5409
117
7764
848
7880
7718
4533
3169
499
284
1333
4019
7009
5025
5328
6991
4233
6819
5500
5211
3850
3219
2006
8096
5127
107
1826
1766
7363
5496
4295
4504
74
6598
8029
6123
6056
7463
2791
4218
3630
4254
1057
395
6259
6264
7679
4207
4468
1569
7608
5476
5765
6970
7857
739
3085
413
7801
3154
4486
5301
2239
3384
5090
3317
5881
5682
2396
7359
3545
7053
1639
2658
7153
4583
3801
3027
7756
1930
4542
803
779
4344
3949
7676
4164
5109
7910
4341
4196
2346
1609
6341
7265
4812
7454
2296
6777
6960
7891
5410
5564
4085
2938
143
5878
6466
4954
4214
7982
3382
5607
1425
6106
7565
7134
4770
6448
1910
4215
5538
6085
1099
951
7031
6751
3774
3657
3894
7779
4710
5158
5264
6728
5860
1143
3301
6318
3628
8056
5049
1661
6923
5687
5416
7091
7080
474
3109
1137
6080
7684
2883
5377
2866
4253
3340
369
7886
6479
5080
2332
3876
3543
5832
6260
5257
7969
5936
2380
5413
4816
5701
4060
7241
2096
4818
2545
5271
3491
3674
6329
4627
4536
1545
4601
7334
6891
572
4577
6577
5741
4549
4220
5963
896
6914
8027
6631
6621
990
1681
7089
5366
5891
7061
3533
4457
4640
5591
7870
6844
5553
5233
886
450
3019
6540
683
6232
7130
5653
7094
7513
2916
6252
2972
5038
4750
4245
5192
3066
1712
1447
235
3137
2036
4527
6769
18
6162
853
5214
714
5919
7064
1504
3338
5181
7579
4794
6969
53
6639
906
3378
6917
589
6058
2543
7219
2674
3261
6925
7600
2034
6956
6307
8102
397
6035
5822
2280
4112
1202
1689
5130
4148
7289
7461
7515
615
1343
1969
7750
3864
4807
6902
6443
3196
7543
3198
3981
4211
6377
6336
4035
4924
1753
8124
4016
650
2403
7925
3985
586
5522
1584
574
22
5598
81
3033
7719
6715
1311
1030
2091
687
809
2983
2608
1671
2633
5578
3088
5398
4418
4522
4632
5980
4843
1440
4181
388
5146
6390
6596
3292
7581
2454
3569
8042
6932
3272
4137
5572
642
3899
5663
659
3559
4315
408
7802
6535
273
1514
2263
4697
1461
7240
634
6694
6768
2059
6107
600
3590
8001
3541
7157
2821
2133
5444
7455
3110
7539
1902
7503
3691
1953
1480
3177
6355
2668
4725
3190
2183
7943
5511
4272
3986
3459
1190
412
1006
4495
967
335
693
7887
4826
7889
4131
7280
7491
5680
1801
3000
1505
5782
2364
6004
3652
5408
6974
6054
3885
2015
3300
4154
1452
3529
4375
759
5071
1034
8044
2817
1260
5017
5432
125
892
4915
804
3172
6922
690
6350
154
6333
5828
6118
1356
1228
7423
4331
3234
4570
8066
2714
6067
7168
769
8122
2842
1131
7260
6817
2162
265
7166
2014
4057
1161
4292
1491
5718
5099
3132
4718
2812
1443
763
529
5443
5803
2304
5658
1313
6227
6130
3392
7807
7519
6837
7625
7266
4482
3462
4663
2942
3367
5238
7102
2265
1528
6395
3610
4306
3552
1774
4320
4427
5986
362
5461
6761
2013
5459
6861
6571
3495
6866
5205
4025
6576
996
2063
306
5302
7914
2512
4463
3677
6244
5618
1457
2207
1144
6116
4303
7295
4353
1587
598
7303
6322
7523
4062
3484
5853
5008
1001
660
6648
458
4526
7479
7918
1157
6426
3706
7950
1319
2057
7900
5002
4579
2949
1142
5964
993
5230
2566
5781
1895
4097
7489
7651
1510
8013
6890
1699
6374
1729
148
7165
4625
1728
2953
2528
2626
7224
3148
2414
220
2893
6203
7884
4150
1224
2242
6542
7564
241
7813
7695
2550
8011
5671
7945
6409
6863
3764
2838
2497
573
1056
3351
2463
6489
3518
7652
4658
192
5368
3129
7110
6483
6292
6842
1125
7366
1879
5899
4786
4187
67
1905
5546
1939
511
3393
4892
5727
495
122
2474
2679
358
2471
6764
6569
5466
3195
2351
3530
3679
1922
4006
5585
3773
5458
1280
6201
3820
6456
2804
544
3073
116
5358
7502
5738
2438
4400
4192
5148
6340
3452
2908
4221
7336
1108
2747
2601
6370
6615
5759
7017
2628
1026
1924
1992
6998
4685
1650
1135
7161
4381
7890
5447
7715
773
5502
6
4043
2254
2744
881
2283
2406
4983
1615
5831
7964
1394
5360
5166
5396
4634
7029
2932
7057
5015
1072
4329
4045
1768
1487
6766
611
7388
4738
7946
6450
708
1598
6952
4780
2419
2739
5712
4993
6011
4175
6628
711
4521
2795
2496
4140
4739
5816
295
1918
3263
2416
420
1691
630
4450
1210
1304
3
7328
5142
5584
1597
3416
5429
1707
7657
242
1254
5933
3374
3836
6376
5813
4654
51
7845
4438
4348
2996
3786
3731
3067
8060
4705
6475
6145
5033
227
4301
31
3212
475
4274
3844
6582
5556
7956
2421
2124
1626
6937
1834
6043
3170
6717
8105
1469
1214
1481
2031
7929
824
1354
2811
4268
6245
7534
5170
1432
7261
1976
5213
7164
7957
6175
3539
2259
2483
443
4326
2778
2174
4249
1105
4145
2825
2815
4046
758
6090
862
5449
3359
5276
3581
7963
5430
3342
173
2199
2359
72
6416
383
7187
4799
5485
1798
5848
1020
7483
921
1980
7653
4420
7391
3062
5703
1725
1908
6686
5338
2669
1735
1184
5580
3323
1996
4081
5573
33
417
2994
7855
4399
6302
1901
239
5526
1769
7939
8028
7555
3520
4156
5261
5050
3732
7509
6167
4117
5016
4763
4123
1334
7841
4104
6829
6022
1884
6782
7533
1710
5138
2182
399
5931
7163
1658
2382
4616
6753
6397
7713
6704
40
1778
734
4281
1887
4040
5194
4350
4959
2941
3640
1589
1666
4994
5798
4567
4970
3528
2255
7667
7633
5624
4867
7379
3402
2582
5918
7146
1104
2378
3299
4665
3156
3406
7196
4937
3041
7340
3725
7514
3112
3387
3667
5872
5150
5614
2085
7284
7408
4125
3997
4979
4007
3874
5793
7474
2968
7415
5493
2273
4345
4302
2339
7393
6361
3314
4628
5231
6468
1414
6843
4012
3898
6839
3194
1141
7189
1495
2228
5245
7754
2489
873
4607
4623
5901
1336
6278
764
1451
6681
1787
6982
332
2615
6990
3695
7192
7920
6720
5006
7640
3454
635
4932
3191
1847
457
364
6156
7389
3843
7216
832
6474
2710
2157
7109
1379
731
4475
2062
7935
4470
7277
5935
6379
1133
6401
6012
7032
3428
1058
5318
2093
5613
6428
8026
2596
1400
2925
4861
3737
561
3878
6967
7169
7135
3139
6733
1549
5186
2058
5975
4946
1568
2889
2044
3421
569
7016
7226
2783
3010
6139
6247
394
6739
2802
4960
7467
1098
2077
6527
6794
5992
7953
2806
6161
7478
7759
6309
6507
961
106
4771
7457
5092
2212
1534
3071
3954
3688
618
6461
6174
215
6695
6824
924
6223
5481
534
5486
2853
2261
4523
6517
4472
8087
1747
4205
899
7230
4158
7566
4629
2956
3458
7443
4337
7121
4996
4430
7549
1507
4198
1808
134
2302
5361
2140
8006
4760
4247
2766
5535
1932
7998
4611
792
4891
7177
7044
3455
5243
2294
7180
3135
7139
4711
2017
5589
3276
2991
7589
3926
3865
3778
6459
6812
1220
3396
1468
6233
254
5806
2748
8052
7048
673
4733
1427
1189
1402
998
2673
3839
341
1531
3413
6558
6097
5635
2912
6626
7367
2288
5188
504
6312
1097
2271
3364
7573
891
2859
5091
7862
7988
1931
7995
6473
5345
4194
5536
366
7556
1852
6314
42
1348
6098
2907
7808
3283
57
805
4
4737
336
6622
3911
7396
5668
6126
2377
3034
4682
6191
7025
5098
87
1140
1955
4238
1045
6514
2389
3852
1364
1473
3624
4458
6434
2577
5242
5120
715
2410
5939
7258
425
3463
2322
373
3400
656
3890
7298
1450
5721
1632
7735
5322
4151
8077
2234
1068
2675
5482
1606
6700
7105
2153
4719
3443
7050
1951
5783
4152
2390
4589
2731
93
733
7167
5060
3228
3499
7018
6668
3584
7677
2910
2695
3414
2114
6573
4647
6142
5412
1947
1019
7984
3917
2216
1799
7020
3223
222
2650
365
1863
6199
4362
2541
2705
2741
5441
5161
1804
4168
5869
7606
5370
7762
1204
3838
5339
4749
126
5548
6300
4823
213
3246
7056
2473
4231
7369
396
2001
3235
1330
1577
381
7126
1533
4573
3240
3470
6383
2670
1149
4883
1526
5024
233
7300
7486
426
7867
5534
6288
6961
6075
4351
7814
6335
482
7262
461
7707
4382
4679
2106
1078
2557
2268
2517
538
6356
7237
1208
4167
7954
7272
470
6113
6938
6129
2768
6597
3362
2586
4462
6939
469
2753
1667
4756
1287
2029
2256
5254
4143
2690
4325
4422
7437
3127
8082
5489
2435
6699
494
6038
5009
5163
3561
6208
3121
4076
3724
7670
1498
3176
3070
5298
3565
6519
4584
6647
7107
5047
7931
3461
2990
7877
1745
1544
2605
2647
3280
6430
7254
286
2167
3498
6486
210
5237
4517
7092
4908
2374
36
3872
6388
6121
4569
6204
2918
783
4363
6918
3661
971
402
6547
1306
5940
1171
7173
3859
1059
936
6254
5386
7220
3782
2488
3199
5757
294
4971
4988
4374
3875
7103
1455
490
5633
2130
1617
4369
577
7767
2709
2230
1366
1153
5602
7097
5839
2924
7634
1329
6061
1868
505
2629
6034
8046
1355
2896
4464
7058
5216
558
7937
7225
3779
6836
7496
823
3908
6793
4323
3558
2706
2732
6789
5089
5313
7434
897
5819
7847
2730
2160
181
4297
7968
123
3663
3417
144
7068
6897
1844
2579
4980
2055
4721
2897
1878
62
5925
1261
6250
65
6593
4890
1293
3316
5974
6893
7746
1412
6683
4317
2654
6444
6262
337
7504
7264
6414
7772
6375
4446
3324
1756
5768
6637
2680
7649
3553
2495
2492
4832
28
5022
4913
1506
6305
5081
1496
1346
1195
1554
7233
2069
4436
1821
1949
2175
2428
6467
7727
2371
2917
80
4441
2516
1665
2112
1702
5542
1602
5471
5285
204
6944
7674
4342
5861
999
3722
5818
1256
7203
2834
1410
2260
6225
375
6024
1974
677
1579
874
1923
5873
3519
2365
6722
418
5164
2699
3325
4159
1091
1995
2016
2139
7786
937
1954
1520
5865
4079
3111
6543
2708
554
5938
780
1967
7662
1371
1357
2356
6059
2221
3273
3097
4452
2563
5247
3959
3031
6935
90
6313
1067
2973
4543
5888
2574
6601
4788
2846
7400
5989
7344
7681
4985
1709
3095
6125
1500
6613
3842
2065
7063
6332
2067
2
856
6277
7341
2785
7983
4637
3685
5812
950
6149
7378
6509
4622
5236
3099
5893
6533
7442
6323
377
2790
2319
5133
1566
2121
6301
2205
3524
1166
5124
7924
2293
6135
669
4041
6266
2734
599
654
6031
1885
5505
4566
7683
799
887
3479
7552
3753
1563
3091
3571
6104
6828
4868
4419
6780
3953
3595
6579
3550
6280
2607
707
115
2264
5655
4070
4926
2336
581
5778
7356
1269
6086
4185
7646
1759
2845
7392
2707
3365
914
2491
3644
5627
2659
7123
6170
3775
2632
1407
5172
7631
378
1692
2895
1344
4902
4528
7007
4304
5422
1442
3591
1426
8103
6211
5087
8071
5362
1893
5760
200
3765
4848
8025
1296
2530
2398
6599
5652
6006
4357
6499
1277
5478
7907
140
2345
7120
7290
1154
5309
5686
2797
513
7306
5643
6000
5521
7530
5603
3804
4263
2231
4405
7176
5664
2198
2222
3887
3068
7355
4537
2590
7888
4038
156
4454
7394
4518
4280
3715
2796
7903
3445
5480
2325
4380
7430
2115
5667
6556
2979
1572
915
1582
5945
2761
3149
7818
1920
3961
5631
5018
4686
6153
6487
4480
7033
1705
2502
876
4741
980
2894
5518
379
2573
1738
620
1752
6523
1912
5350
2037
5697
1022
4078
4332
2179
8123
7545
5137
63
5082
390
5062
6638
4444
709
6076
2025
1409
4034
484
3996
2635
8117
1231
6119
4271
1978
6823
4866
973
8016
4636
6928
818
489
1061
3383
415
7293
6077
2750
2326
4490
6595
988
3145
2269
7598
2555
507
1200
5758
8067
2161
454
1291
3011
5040
5515
5876
4595
4520
1877
4203
4911
221
2951
628
829
255
4289
2952
5993
4197
7137
6441
386
68
6522
4730
1624
2554
5056
3527
2229
4347
6745
5788
3168
4244
2580
2213
6368
1880
1904
5042
4620
1252
2196
3205
4650
6670
7858
6833
1475
3995
3943
3319
4904
698
342
7383
851
983
3289
1833
6655
6624
5889
6334
2737
5072
1851
6851
7253
4095
625
5209
2584
1739
2664
2723
219
3792
4161
8109
7904
1251
4255
4355
3741
2430
5943
5920
3787
4858
2343
2341
1088
3517
2915
7868
1802
6358
3650
2211
5639
3174
700
5027
214
4893
3244
6767
2262
6500
3913
5942
6516
1998
8059
3074
6711
5665
585
5421
1041
6014
472
6286
5284
5897
7247
2064
7783
236
1305
7372
1575
2481
6007
2400
5381
2877
170
2651
5501
2564
5884
2622
2666
7793
7273
1736
5656
1649
2470
7223
6936
1960
5784
859
1012
1063
7039
863
2455
662
884
6985
3408
3357
5031
5106
3673
5337
5283
942
7199
1216
7905
3333
5063
4506
1170
7992
3549
1215
5131
1401
1314
2117
5887
7270
3381
6883
2604
1850
119
3824
584
2163
1940
6418
7911
2344
7636
4944
3370
2510
4386
1758
7665
5596
4642
1646
419
7335
2000
774
2957
3403
5320
4316
6091
5799
4068
175
2123
4327
3585
3369
5177
6941
6496
7422
410
7386
2940
7685
7655
3544
6366
6574
6501
940
34
2571
3153
5258
3557
149
5892
6048
1482
5506
5890
3596
928
4136
6943
6345
3291
3756
468
4910
7338
2080
1246
6950
7669
926
7512
7776
3206
2613
6644
4793
4101
3052
3050
6954
1630
2892
4545
4950
5344
4491
7473
7100
1780
4969
6511
5845
1359
5119
7404
2762
1373
5029
4116
501
3090
3870
5750
260
6727
1795
903
2537
670
2152
3601
4594
917
8110
5796
3632
7506
6858
4009
5282
5557
5210
3538
2363
1181
5497
5492
7484
5093
4953
3245
2394
6431
5846
3431
1611
535
6425
601
6493
1363
6184
3504
8130
7125
6652
4171
2885
875
4321
5272
4939
523
4299
4267
1340
7609
7368
4656
7124
6339
7458
3213
2653
1567
3514
4389
5249
5830
6775
5928
4013
5420
1016
2305
5625
3215
5659
2963
2683
1031
3293
1560
6494
1527
208
718
5175
4471
1517
6860
566
4052
3933
7072
3992
3087
605
4022
2964
4114
4581
7158
4310
5850
7331
4096
88
92
3556
4648
5035
3496
1387
8035
7178
247
4722
4172
7354
6611
259
5742
4999
4792
5200
879
8031
2412
1657
1018
3332
158
5567
562
2823
3419
5645
128
6835
5527
4903
5287
237
4538
5143
4488
4443
4387
5976
7004
4860
7098
2874
7563
299
4702
2970
95
1259
2904
4083
770
2689
8079
1662
4815
4588
7601
197
878
8085
1123
3896
3531
4723
5606
5791
2503
517
4088
2146
1576
703
3534
3781
4349
1708
5991
5088
7414
726
2147
4948
7480
6963
4563
5414
3766
3309
253
2487
1979
3488
2462
423
2061
6195
1065
6243
960
2862
1404
2506
6565
3827
5300
3944
4680
7550
5693
2208
3046
7812
5982
7917
209
6546
3791
2585
1655
2840
1685
314
7
7023
32
6484
1362
7930
3084
6421
3984
1309
7411
4701
4266
7577
7894
1417
3125
6606
1382
5122
2128
738
5462
1337
2587
6372
7495
3266
3690
4183
7976
7104
3311
1522
7065
1203
3806
1977
2295
901
7307
6327
7316
3931
6788
6811
1178
6676
2049
2565
296
251
8051
744
256
5870
3221
2409
191
1765
7644
5363
7285
4044
5329
2793
5672
5315
1159
4110
6452
8047
2215
6746
1076
6736
1585
7622
2935
5844
4873
5774
1934
900
4855
3730
7585
2311
3036
1703
289
4461
866
5005
1791
97
6725
3264
7326
2035
8017
75
2905
1095
686
7835
1249
1179
5552
1807
3473
6707
4834
4550
2648
6607
949
1722
6132
3147
360
5740
1338
1433
8004
2109
664
2900
5107
2432
6447
1462
3271
320
2192
3680
485
752
1535
7202
4870
6002
5695
5662
1282
1360
3450
1128
877
3615
6420
1593
844
1511
6021
7387
6806
559
1711
754
4726
5735
69
6744
3682
3328
4965
7714
2342
2922
139
3295
5597
1413
6879
4460
54
2004
357
1989
1875
7406
5581
3115
6384
6190
4865
1503
2725
5910
6148
4032
3251
5587
5834
595
313
4621
3310
5495
5407
857
4113
7276
955
954
1247
5349
7332
3687
245
3296
3143
145
2780
5326
4784
1271
2052
1324
322
353
5007
1283
5010
7066
2446
2606
7784
6321
6618
6588
2595
6295
3126
7518
3914
3482
2888
3044
8091
4442
6438
4103
6570
528
2334
6319
5510
966
2437
6498
5262
4314
3249
5593
6050
446
729
5196
224
3220
4496
1158
2966
6219
6660
6867
1793
3711
6136
1936
2560
6453
2520
745
5681
7682
3158
7729
262
1854
974
6391
1571
7997
7090
6816
979
907
8078
1043
7597
4582
60
1988
3891
5222
6133
2460
3955
6581
1198
4033
3302
5817
4755
4775
3077
7708
240
6261
1557
4029
6795
304
5650
476
6678
3187
4392
1103
7873
5647
1713
3048
5555
5295
272
6701
5646
8030
3352
471
732
822
6177
1055
3281
5673
3889
5474
7659
4847
6894
2682
7492
749
4707
7614
6988
483
1222
571
3658
3322
4947
6415
3124
1424
