3166
4305
3542
1281
8005
2708
855
5429
5681
7057
2037
5933
4859
6270
339
2953
3918
234
2103
3868
745
5919
4774
7199
3346
7984
5826
7229
1939
2942
1818
977
3726
7275
3222
1745
3168
7417
2804
6216
1863
641
472
2064
30
3059
7915
6334
4588
895
6305
5905
7959
8040
4884
4881
3112
880
5849
5642
4307
5783
2323
2741
113
3074
742
5494
4261
2614
1767
2405
4209
6777
2349
2236
6728
350
7808
5218
4236
3339
2970
8019
1254
2115
2
2880
7293
3605
1762
1573
2447
6812
2253
6545
6012
3138
1981
4038
244
3214
6868
2887
2471
7131
2393
6872
4767
4635
5012
757
1768
1439
968
6141
1838
2160
5239
7346
5808
1157
6909
598
7674
2693
3523
7158
1709
86
4036
922
5743
3392
3095
1267
1374
176
6791
734
6293
2078
2519
671
3642
2523
5392
1738
2457
808
6544
166
7071
3641
4504
1857
5867
202
1474
4128
5794
3377
5825
3537
7964
4067
1390
657
7540
2641
7251
2047
573
6873
6418
7320
7485
1878
4956
5584
2966
611
5361
2637
5076
5670
1465
2030
1795
6282
834
1850
2583
6239
1212
5341
2138
4516
3795
6007
4220
8113
346
2507
3864
4537
7901
491
3488
5744
7031
6688
1246
6321
6115
60
1128
3878
1441
2029
1147
6001
5541
1276
6813
7699
564
7123
425
6585
7147
4777
6667
5126
7110
3649
4508
1299
4227
7780
6723
8084
8070
2419
821
5774
6627
7626
8027
1759
4099
5525
2139
7907
1166
1588
2858
2015
5677
2786
5569
3266
4347
6990
5221
6431
6975
1385
600
4256
3371
7506
1154
7823
2218
126
4657
2837
4311
4754
3805
1003
1515
3988
5893
8009
6960
7956
3305
1954
5874
5053
5121
8108
1450
517
424
7719
7574
7899
704
5844
7972
1619
4352
6803
4182
2807
2100
5658
7949
1518
7712
3561
3407
6832
5278
3418
2632
2761
826
6897
5799
2066
3629
2749
243
3217
4913
4623
5862
2353
3174
6860
4417
2038
1363
1129
7519
1424
1879
6261
3298
7342
6915
6386
4597
2974
4123
3842
3708
6569
832
6269
1020
3915
6947
5536
5024
2729
7999
2175
1425
3971
7954
2307
4707
1393
5694
7560
3624
5187
1292
218
5211
399
2157
8053
4388
6804
6333
5342
6130
1164
4722
6740
924
3786
5516
1949
4943
5001
2768
6586
632
3674
26
3204
1860
4026
6142
2857
8103
2179
2918
5456
2952
4106
5283
2924
6120
3476
1846
7641
583
5418
5698
5070
3999
6217
3972
8110
1983
6840
4973
7705
487
2823
2263
846
6901
1690
1971
6551
802
3167
2131
4607
5649
1405
6954
6438
6707
1932
5948
6571
8096
431
2661
5589
8100
6214
3336
1647
7978
3378
4030
982
5098
6372
1739
1355
6190
773
4025
0
6928
4085
2961
6314
5352
401
5730
4831
6415
7173
4692
7396
1837
1752
5131
2542
1852
1750
3295
6202
3576
4101
1831
3683
1917
7931
6426
3578
7290
236
7776
6253
1819
1325
5013
4395
7269
2333
1095
6533
1080
901
2911
1456
7390
7192
4037
6294
1255
3807
4138
1313
7099
7567
1828
5873
4651
3686
8063
5608
7219
3344
4530
5201
1970
1345
6677
3974
2718
5939
2740
1201
2183
7875
1182
2044
3444
7711
1188
5643
5810
259
4266
5650
4626
483
1151
7799
5450
375
647
4865
8020
4113
7096
7365
289
7541
4400
7646
8081
6023
7894
5382
7165
6573
2028
2602
1394
2337
441
4806
2074
5236
88
2568
2152
5602
497
2430
7617
2863
6580
7951
2814
5952
1900
7413
543
3980
2513
1649
4274
6670
81
1975
7945
6905
4924
6319
1043
6844
3064
5018
3635
3366
36
4253
6116
2119
3671
7958
4014
1951
78
2801
1997
3124
5875
6413
981
4509
5321
6730
7552
854
7612
6636
3485
5233
3117
2080
5720
1758
1416
3714
3516
6070
5199
3687
3502
2847
3770
5637
2709
3747
391
1507
5263
5896
4828
1061
2313
2416
47
7902
163
1985
2325
6472
7217
595
1895
7824
7152
2669
1256
7921
2978
5355
7549
6783
2396
221
5282
2439
7128
2240
2464
4320
1417
7116
7382
6468
3282
5883
2207
7906
4383
4873
954
1994
7840
7976
2012
4287
4403
536
1021
3218
4389
2852
6823
7746
7159
7380
7963
2654
250
2438
3252
5394
2707
6079
7214
6588
555
7816
2345
5285
4794
7938
7559
6320
589
5434
1522
3518
3750
3359
5945
1871
1653
4704
4596
3889
4629
7327
989
2042
7962
7660
2269
935
6011
4028
3646
3350
736
7164
3050
6520
2331
840
5041
4670
763
2108
5724
5737
1364
6665
1387
340
3760
5212
4624
4832
3036
940
2267
4784
4688
8066
2922
4540
8116
2843
4725
3602
6400
7789
1505
2728
6581
7536
6276
147
7800
7453
3910
7361
3742
6616
5137
503
2062
3032
5628
3664
7836
976
2561
4563
3473
6680
2696
943
6749
7757
7813
996
1550
8057
3719
3665
4840
3620
3587
6156
2631
1411
6307
5264
4034
3159
6934
7324
3689
7400
109
576
2755
7371
5379
7339
5117
3966
603
4728
2089
7349
4837
3734
5032
7161
5738
8029
2309
5419
6093
4695
7125
3626
6254
5760
6243
3004
5576
4293
102
5446
4239
7510
7230
1228
5644
1903
5746
1671
1283
1379
5249
5815
4299
7474
1278
4642
6110
6469
4162
6092
5286
5768
8073
4925
2826
3548
4294
1298
1658
5819
3707
2545
2874
6380
2476
5442
1816
5687
4826
7333
4453
3291
3550
8065
1004
7910
55
458
462
2859
6866
5462
941
4996
7387
217
7838
5554
1183
4814
498
2467
7482
460
670
1775
4419
7955
885
5618
129
6326
1403
3924
3383
185
4590
5548
7853
2765
8014
1181
6289
7323
6030
2925
4121
4170
717
2191
2399
3353
1834
1086
2795
2964
5476
3394
320
1152
2458
720
547
2018
4300
7051
7109
4858
818
1894
7850
1304
3530
3257
6824
4921
4671
7419
7878
5030
5401
3819
3490
1488
212
1517
6420
3783
7786
1601
4267
4720
7659
5630
3285
2627
3386
5040
2297
3334
5519
1093
1338
4050
5507
1526
7614
3838
2839
3331
183
486
4094
4084
199
1589
2134
3959
3883
4920
4664
2460
4313
7821
8121
4213
4331
5667
865
6597
3034
6908
5205
3216
1877
7381
3869
4171
5665
4650
7890
1617
7062
7607
803
5009
336
3452
7389
892
4482
7094
5994
7095
495
7487
2915
1701
2850
137
5940
1683
6950
7669
7884
1435
2799
3619
5043
7049
710
2861
5291
3396
7518
4985
662
7621
4627
1564
1079
6578
3764
749
3133
3559
7036
1612
4800
2983
3263
1050
2965
1539
2142
2712
914
6176
7979
1285
3072
2948
3427
6685
1743
1334
3062
7573
1874
8132
5578
627
4258
6353
1499
764
134
5797
201
1120
6837
6887
4358
1002
3798
5884
3170
6502
902
1765
2782
3608
852
6411
4718
4118
7201
7766
406
1915
4216
3898
383
1200
6927
7076
3445
5697
6168
2865
4949
2914
284
3267
6948
4576
4477
415
1204
2045
7497
3767
3198
7623
597
3522
3487
7248
5684
2036
5431
5069
3243
549
4151
679
5440
5858
7146
2340
6753
6790
2954
6331
3157
6281
5301
6942
1489
7054
6695
1986
5716
2855
159
195
780
8023
116
1399
2084
2676
8
6857
256
5964
6706
7957
1023
1198
6689
2402
374
8050
7544
1236
4316
1124
7395
5090
455
7857
4752
7577
5763
5059
5759
3468
5742
768
4901
1342
58
7797
398
5775
5847
3718
1513
4966
7083
4790
707
1698
4373
1185
5975
4366
1707
3479
5943
3391
6962
1948
6852
6507
7398
1751
1704
509
4862
3313
5420
5911
2960
1989
1048
2424
8012
602
3013
4545
2491
1502
18
2209
5478
4578
4894
4485
6726
7917
4339
5622
6437
421
2221
5550
6003
7691
5111
4560
4426
7425
7744
3755
1703
4823
2713
7012
7245
3162
2791
1019
2276
2414
4577
4277
3196
1509
1715
2598
6018
1406
124
643
6145
7373
3137
2820
2364
5714
5561
258
731
3952
5468
6384
6385
7377
3103
825
252
2071
6456
686
4143
4041
3128
3049
3068
5229
3495
1865
2287
433
7149
7378
2824
7355
6185
6771
2746
1602
5751
7172
7114
8094
5790
2848
926
7144
6993
6316
6347
3382
3292
6179
7501
4740
769
7208
5372
48
3821
2769
4555
2326
3942
6981
461
845
2001
5923
5177
5064
3759
8112
24
5162
7605
6556
1366
8048
7879
8025
2027
5929
2591
5930
5495
7588
6430
4976
4660
1422
4565
645
7736
1943
5517
2394
3414
4653
4997
767
5387
928
1869
4571
6698
6273
3120
5652
5626
5240
7193
3441
4598
4322
665
3676
3042
4439
2773
5395
6154
5610
5747
4917
1591
4257
7787
7532
7226
1464
3247
4465
5186
5983
524
4742
1119
927
4830
7056
208
7947
7476
5647
3890
5110
5042
3804
2684
7368
5002
1510
4159
4144
4179
6096
3729
3408
7232
6183
2605
5021
5615
3296
2503
5959
6187
8022
4235
2532
1451
7491
6112
6175
1672
3241
3916
274
5260
819
1593
3659
946
6863
4781
74
3165
7267
7898
1271
6484
2655
4824
1433
186
2739
2675
5228
5135
5055
613
7215
5795
2608
6836
1554
6865
5641
1216
2579
6833
6602
2061
3465
1727
6715
4839
135
6369
5179
2512
5181
639
4639
4909
4549
5152
7530
4136
5712
4656
5465
6849
3045
7768
6755
2898
6010
4161
6129
3731
4459
1142
6655
7411
2214
7053
4741
2091
6126
3762
7287
6379
4380
6231
7868
4416
3512
3973
6199
2882
7913
7168
5315
7769
7203
3818
3808
5638
6367
4992
6397
1543
5230
1038
7529
8059
2181
1006
400
4659
6628
2945
1842
7827
4821
4982
7661
4303
5473
3477
725
2659
540
6657
5508
6958
6800
1090
360
7634
7642
2714
5979
4405
19
160
6283
5885
2216
3348
4137
5493
4971
494
7016
3583
1854
7924
4515
3281
1210
7637
3614
6031
3248
1907
6113
774
4168
1627
2392
8061
1844
1172
6019
7718
6904
788
2884
2909
2146
972
862
1541
551
310
1876
7115
4474
3969
994
2034
8060
1659
4105
5019
241
1423
4701
6626
7697
3367
4681
1146
6817
6590
1261
4764
6888
6661
4852
6311
410
3521
7176
5982
2153
697
7458
1652
2113
587
6000
7391
158
1430
7904
1553
3140
7439
1771
6752
8130
7426
1051
263
3260
1027
6394
2995
6025
3262
5385
2580
3060
3480
1635
6207
2854
1059
4411
7282
3484
6462
5729
8093
4896
932
4620
99
224
7020
3314
8030
1927
2526
6646
4142
4398
608
2360
6153
5609
6671
301
637
907
7264
3454
1239
7312
6709
3268
1905
3461
582
7733
382
5065
1392
1064
1053
7220
2140
6525
4835
5311
5409
4187
5593
719
1063
5334
190
4264
149
488
6775
6971
3151
1163
2499
4054
1858
5036
6974
2766
6855
7416
3570
2377
3183
6065
7630
2541
7105
1466
7375
3185
2165
2886
3802
6818
2273
7156
4048
5474
2163
3482
437
1480
6212
5195
5047
367
1449
823
1875
2671
5279
4547
893
6308
3986
2958
272
1692
4424
6100
6263
2599
3280
1159
3203
6690
7631
226
1887
2570
7046
7252
3208
3330
8119
2270
5966
4954
7830
8124
3431
3002
6676
3647
1901
6481
5448
4761
6042
7023
4848
5150
6178
1918
6084
7351
2525
3078
3628
1908
246
750
8115
70
1349
90
5044
3648
347
4291
7306
2003
1305
2559
1891
2576
2220
3777
3007
2088
7542
3852
4557
7625
112
7490
5232
6563
311
1377
6497
2517
6095
7891
2649
143
7579
7672
2506
5980
2211
1242
6499
2777
4495
8082
3219
248
2359
7316
5192
4442
3478
3943
7483
3373
2164
1247
956
7981
5314
1849
8078
6038
8126
44
1631
1258
7234
3975
1720
3273
5908
1333
7174
3498
5946
4228
531
5293
7243
6697
6512
1980
4711
6220
1712
270
3531
3654
738
1872
6170
6789
177
1249
174
2899
701
3604
4907
3931
2789
6814
4731
6598
7113
4146
7895
2619
12
266
6099
525
3930
8072
5863
365
3892
4275
5882
1386
7846
4763
3323
4680
8074
2202
5
1721
7545
4775
3941
4521
522
7828
4697
5898
4016
172
3717
3806
3022
3766
676
6104
5574
7233
4447
1782
1087
1521
357
7466
5178
5870
5020
4738
6959
7153
5859
3442
2901
6304
4674
29
4995
3909
7593
3560
5151
1546
6200
6553
6991
3874
3752
4288
132
405
1528
3294
4672
6583
1566
1640
2835
1400
3591
42
6138
3437
4224
5254
7157
227
4393
7050
7418
2252
554
1542
2308
1421
6182
7352
6155
2351
3114
3900
370
80
1661
3369
7639
188
6891
2677
1068
4262
2316
323
4010
3595
3322
349
6874
5700
5656
5026
1801
948
1938
7379
5972
2830
7021
2743
54
2539
4046
139
724
6203
6073
7892
6407
1586
7478
1567
7656
7291
3552
6510
4614
2035
56
6057
4282
8125
2301
2290
5255
4904
1655
1165
7334
4356
7166
4268
3215
5814
3150
5899
575
1714
7121
6747
4249
7169
2234
1376
6393
122
3326
960
1357
6746
5166
7649
5034
3467
5096
2604
4758
4196
3932
1112
5398
3153
6967
2197
2514
7078
3240
1454
3581
4355
8041
7360
3173
1225
3940
2057
1062
5524
1597
2409
1155
2007
5932
2193
7459
8043
6985
890
3979
4396
1667
3589
2660
2255
5397
4329
5428
7701
7445
1419
2935
295
6766
7305
2395
2238
1855
3906
6870
7221
6439
2648
5309
4382
2449
3448
1929
5413
280
520
3450
4969
5675
2639
1969
3209
5683
534
6232
7090
1125
451
4747
6496
2869
45
390
7289
3343
2069
5996
2868
5445
3189
3983
2127
4029
3402
444
1288
7280
6109
1803
7444
7422
3904
4605
7772
5740
368
6461
7385
2923
1723
6348
1796
6945
1856
6738
4225
2229
8120
5877
1287
4088
7941
988
1742
2518
5619
33
5546
4529
6513
3680
1992
1988
5660
5991
1638
2888
3794
407
6899
4114
7715
6526
3903
864
3430
4998
6345
4445
5093
6943
4295
2748
4306
1761
253
6275
7863
6769
3858
2524
6691
5004
2674
7383
841
8133
5180
4496
1268
3270
2275
6495
4035
3466
330
5380
4746
2871
1331
7572
3228
6538
1100
3637
7835
6189
4481
2427
735
209
5276
7136
7272
3728
153
2433
1223
1524
413
7603
2228
1624
7441
530
4743
6938
411
804
7547
3047
3823
2521
3885
1972
79
2716
2734
2692
7740
6478
955
4889
1389
2105
3149
635
2257
1958
1536
3419
4450
3859
7258
3519
4087
5552
5376
3657
8118
1103
906
3922
2397
2800
4970
2387
4139
4494
6401
7126
6725
5095
268
215
743
6767
6939
5634
2902
6039
7531
6969
6444
916
155
5129
2315
2634
918
2780
348
680
860
1503
8004
4005
1481
7570
7583
4335
5636
1396
3534
5295
7843
1220
3573
4071
6930
1177
5606
4490
7347
5010
6118
6135
3776
4349
2936
4147
3812
7566
1365
1476
8010
3181
438
2446
782
2296
3302
655
1072
6021
476
279
2454
1010
2946
2482
2963
4977
5375
5663
5604
1028
3116
1109
432
2529
3184
1657
2148
7568
5511
944
5123
4169
7107
1082
2283
5415
5363
1964
6475
7433
7877
4211
4602
2828
936
325
4979
5892
4464
5072
3593
7597
3178
7508
6518
4390
5149
2920
2699
7369
5777
7512
937
4944
6044
2472
5949
2527
2123
1508
5711
541
2571
7285
5302
65
2698
1987
5967
4662
5310
3405
2480
912
3700
7384
752
4927
1853
6826
2731
4491
4125
5349
8105
1547
7003
128
3497
283
5703
8002
5575
3667
2086
232
4640
5531
409
3370
4363
7683
7493
6215
7055
6608
4244
4387
5461
7102
6605
5105
6819
6302
4441
3860
5472
7063
7464
3888
5853
3736
5707
7129
973
7175
37
3549
1315
659
5961
2733
7925
7091
2987
1815
3739
2840
2173
6370
3035
6344
1409
6013
4934
6977
4372
2124
6266
6523
3688
7933
933
453
5762
6683
3684
4838
314
2304
891
4493
298
4984
7796
5225
2878
6782
2334
6822
6224
2759
2745
4319
10
6287
334
2688
3702
6550
7749
4205
1264
6448
2917
7431
1732
7584
456
4473
4933
175
257
2999
3055
6543
6884
6383
6718
6902
2017
6255
260
5817
2085
8021
5540
2462
7007
1436
3914
6460
5973
7103
2011
470
1912
1359
380
62
500
193
6711
7548
2951
1307
1531
5332
7916
7345
6272
1300
760
7179
1469
7283
7212
5977
4321
6829
1114
2601
4095
2455
4663
3632
189
7764
7415
51
5122
6312
3873
7987
4141
1696
3672
2885
6193
6722
1950
1603
5551
6674
6596
4365
2934
7812
1594
3041
2120
3003
6252
5843
2177
5253
343
5594
6241
8134
6768
5246
2672
636
7434
7265
1211
6494
6876
7026
4897
1318
4906
4359
4208
1418
1786
7911
4488
3230
1029
714
2203
716
7720
6298
5749
1060
4846
7675
7480
2341
5471
5371
3923
6530
2410
7533
5130
1568
706
1070
2825
2662
3753
3706
7279
1437
3834
7363
6020
2587
2724
5502
2403
7922
5916
1561
3527
3251
6834
5183
4645
4716
111
7481
3517
5784
1007
6493
4328
4550
5410
2204
3188
4723
7486
2747
3822
5156
7940
3598
1058
4771
1367
4559
5782
6443
778
5035
1000
5833
6488
1899
5426
4734
7889
7983
6864
6230
4709
394
327
7994
2451
606
5599
1076
1792
5890
3811
1350
7029
6286
4361
7300
569
3946
7084
7783
2002
4857
355
5124
953
5491
4749
1214
4788
312
2845
2985
3799
3118
4951
3962
7052
1558
2226
7467
7723
3944
5846
3843
222
7022
1459
6552
3385
2293
4298
3227
6152
5325
7421
4353
508
6299
5565
1293
5257
2174
7505
4297
739
93
6708
2436
2774
7236
7024
7635
5252
4124
4519
31
2121
2760
2894
3789
4975
4919
4724
3543
5108
1320
2810
8003
5080
6237
4314
5288
7463
1800
7628
5191
6890
2026
2864
952
2695
966
7032
4346
4750
7920
1039
6247
7858
5922
2611
6976
2563
1294
2497
630
1642
1096
7856
5725
3744
650
5854
6268
7250
1923
3342
648
5613
5732
3546
2350
3085
2223
939
3666
1925
6365
115
6036
2154
1199
5839
7414
1604
4908
1556
6035
7435
7359
2262
4219
2067
449
7451
4798
7624
6062
5736
5489
2288
7535
561
1576
6539
3275
4420
4423
7195
8135
2328
7140
7844
2737
1145
3023
2418
6906
6234
206
3826
5029
1309
5444
6673
7183
5217
5601
1654
2535
4410
4866
4270
667
2486
165
6114
1544
6805
1478
2998
681
4457
7871
4064
992
4843
6505
3328
3187
7602
1728
4792
1811
2856
4240
7872
1444
6324
2109
3356
6136
1314
3695
1664
50
1180
6739
5556
427
2940
6037
373
6285
3535
3501
3912
1596
3075
6180
7097
3840
1269
3434
5906
4700
5331
7833
1448
1552
4100
537
1497
3505
5816
1946
5173
5358
2378
294
4527
1237
4811
6009
6094
1330
5215
4250
1825
967
7008
4458
4879
5646
5049
5158
1037
3256
3640
7112
6143
5160
1018
4947
7528
3592
2702
6693
3655
1116
4055
7654
16
516
7141
7350
1968
5078
3131
3132
2432
6877
1632
5272
5654
4015
4676
1826
5193
219
1676
4910
3070
3833
3675
1689
2219
1126
3564
1137
3682
2853
1384
1471
3420
3008
3876
1275
837
7465
6204
6060
6851
6875
3678
3155
7822
1711
2247
72
6177
7679
2435
4110
548
532
7162
4892
5270
6879
6335
3990
4149
2195
6210
2305
4589
2254
4
1322
2145
3954
4157
794
465
4215
5188
642
6983
7060
3679
3780
164
5393
8039
5801
6729
2937
3785
7686
2125
6634
1468
4994
59
7073
1426
5386
4391
3558
179
957
1428
1699
6318
7758
6592
7329
2751
2968
4337
5086
1744
6396
2752
6920
7967
3754
5689
3276
7587
1829
6140
6701
2025
144
7446
2233
92
5005
3585
4059
1265
6955
1626
6994
3721
1
2190
4292
6793
49
492
4273
7918
7292
4849
2256
6471
1470
454
3272
5399
1695
3000
5303
703
2515
8128
4230
1460
6123
6770
6644
2904
1134
6853
6780
4129
287
3865
3021
1848
2511
1534
3096
4255
4669
4503
6172
5351
3661
6246
6733
1902
1868
1940
6986
7591
3615
5374
5322
4522
594
6486
2342
1662
7721
7488
5521
7332
2056
1101
6091
7802
3848
7557
8056
6244
8111
2107
2941
3563
6988
2673
4564
1457
7019
7442
5015
3933
6914
6910
6736
1646
333
2320
7423
4451
4632
6436
7266
4900
6560
7231
3814
1193
1148
5075
5046
6466
5587
3625
7865
2196
6446
1099
5605
7013
7810
39
422
6682
7849
2873
7724
2322
3507
4938
3290
1218
4172
7991
1881
7457
3169
3634
1434
4233
35
6684
2697
5907
1316
961
5453
4638
4437
4148
4160
6381
7225
2104
6629
2955
807
3192
797
897
2588
2274
2977
887
5655
2562
4855
1798
1141
332
6508
481
4594
765
4958
653
6455
833
4552
7294
1001
27
322
4895
3086
6630
6727
3926
4384
4003
3213
198
4076
7658
2687
4915
848
1693
4854
7594
6509
7662
4212
5580
3161
3513
3609
3080
1532
2258
6932
634
7866
6765
7181
1073
6625
7942
3283
8122
4021
6375
2772
1675
1773
7240
7255
2149
4245
1245
1545
1378
6620
7609
4065
1206
4691
2168
4301
6184
4051
2423
2487
1563
4974
727
3156
2929
809
3809
5857
7206
2725
4606
3073
3338
2551
2245
6719
6027
3201
1926
3355
6786
2883
5226
1785
542
4683
4342
2530
884
6150
2721
5185
7539
7498
1606
5958
839
1578
1482
5807
6762
67
5483
2785
3048
2390
585
161
7704
3500
986
2356
3735
338
2246
4608
1117
6390
1226
6382
732
8006
2096
5300
5612
8026
1575
3440
4354
7582
3553
2355
300
2928
121
4528
2311
6160
5529
5999
7311
6127
2363
7611
6111
1583
2700
4546
3413
4856
305
7869
3660
1158
6672
6427
6862
787
6221
7912
2366
5761
4251
6349
1791
7341
6703
684
7075
231
5864
6761
6310
2248
2972
2754
4091
7067
8088
4593
3077
2881
1963
4655
3061
7784
4887
1760
6579
5545
3027
8067
5811
5487
938
2437
2429
2114
7516
5210
1463
7576
2678
2368
61
1763
5097
7881
156
4345
612
5789
304
4929
5244
1529
4972
2434
4580
3627
712
959
5482
1492
264
6678
200
4809
668
4044
7681
2468
5631
5709
7088
4455
2689
4957
881
5563
1104
6346
6134
2009
5498
240
3987
1665
2979
1548
4039
1069
5356
2623
2976
5872
779
1605
1921
7707
3638
1443
7905
6614
3400
7273
3781
816
6618
1415
7989
2243
6921
2013
6957
2116
6452
1343
4666
3533
4715
4285
7785
7826
5261
5424
2318
4636
2324
1726
2776
2404
4600
6999
3443
565
4989
3486
1725
6559
4433
7227
872
2522
181
5335
4939
817
69
3579
7310
843
3033
3596
3287
715
3526
187
2932
3511
2112
786
7392
1841
7710
2872
3143
1736
2609
4880
249
5184
3871
5910
7569
571
2808
7317
397
89
4786
1398
3206
4609
324
76
1404
1729
6262
5868
835
1383
6222
7454
4673
1845
5290
7627
7074
4978
2616
2996
4744
4206
7247
5051
3621
6492
3887
7522
6406
5766
5925
6211
3039
618
1380
7318
6291
5039
1227
5172
6669
6228
7709
3380
2908
651
1446
6537
7668
5107
4797
7714
3052
2723
730
4533
1708
1014
4986
5170
1549
7319
2685
2832
6900
2682
888
1514
6229
8090
7211
5504
4376
2448
3145
216
1388
7469
2421
331
3758
3938
3212
4357
4470
876
2603
5143
796
276
4242
568
2585
4762
6531
1920
6511
6933
4789
1982
7477
7555
1609
965
5598
6821
2232
6245
6964
4098
6087
785
6498
1083
920
3144
6056
8075
4733
7278
1859
3001
4007
4616
6591
2101
1362
5305
2298
2277
4332
6631
1615
5971
5573
2420
5510
4891
3532
3656
815
4312
2073
1194
3365
1484
3765
605
3337
3961
2973
6398
3037
6264
6871
1611
3506
614
3617
1049
7321
6889
2192
6165
2442
886
6171
5247
4610
1843
533
7503
262
3154
6356
550
2189
7923
5941
1414
7673
1229
4912
7722
318
3312
6188
3016
6137
7811
1851
8001
271
5071
2556
2329
3545
2336
691
4374
1257
2586
7061
358
1081
4544
6105
7343
315
6536
7682
317
7043
5607
6554
6089
8095
3547
4435
1017
7307
588
3286
4844
3014
6077
7376
269
7756
7586
3968
2332
1977
471
1974
4748
3279
5423
2306
6303
3801
2870
2381
7180
3970
5404
5348
6621
3797
3067
1170
7893
1432
2294
3911
2389
6830
7337
984
1440
3403
610
4330
7393
255
6604
2502
7663
3040
5538
3907
5990
3917
5506
7328
4905
4418
247
3079
1909
1011
3935
6547
1913
3837
7514
4868
3089
5671
7613
2102
439
775
5685
6517
3554
5066
1102
3127
4512
3020
2048
7137
7070
7926
3756
8104
1746
2406
2016
578
5585
1348
646
4140
1297
5728
694
3960
4768
2282
307
5443
5981
925
2488
7244
5791
2022
6645
7650
6522
4432
5256
7010
958
640
7001
4643
6624
210
7779
5333
502
6491
7903
7331
7595
3709
6845
6147
2944
5595
6432
6295
6045
2481
4568
5861
5769
3324
7241
2043
6423
1910
4719
3160
2374
3668
7471
4381
3722
2385
5845
213
8049
7985
3031
6714
4705
7133
791
3866
7939
3691
2629
3855
3139
7406
3043
1735
6659
5451
4686
3063
7689
1685
3464
4186
2811
5787
747
7687
3105
6327
1520
6322
3091
5889
3046
7127
4772
2279
6374
3009
5570
5951
5679
2620
3186
4278
1538
6984
5938
4518
1353
1352
5840
4923
7774
4135
402
1839
6774
523
591
3751
6061
2375
5851
7741
5488
2558
6449
261
5735
2456
1335
580
1684
4779
2827
2222
770
5821
6358
5778
5617
2646
3978
5562
2838
2386
4166
7335
1208
5083
351
7256
7130
2921
3029
6848
5767
4941
5566
593
1238
6557
7966
1702
629
2194
1136
3057
616
2690
847
475
442
4583
2132
2072
7009
990
3352
5231
879
2590
5564
1270
5616
3920
5953
8015
7177
6487
1747
1496
4851
1959
3
5752
3316
998
4223
2092
5539
529
5060
5715
1115
4082
3451
2912
2596
8055
4932
3372
2805
5913
3301
2198
6675
7589
5829
4126
1217
1260
1956
4558
3925
737
2224
4999
463
3594
3662
2916
5344
1629
4164
3191
759
1592
2736
761
4962
3743
871
5114
7437
8024
5879
514
6421
7745
708
5084
1628
2063
6297
6926
930
1041
7562
6548
4922
2388
5699
127
1639
5944
1864
4898
3951
3207
4604
7108
4647
3056
2732
3141
5686
4489
5533
8127
3582
1123
5796
2796
4553
615
5591
4012
1295
1581
8058
4130
5955
3817
457
4336
5547
5757
4056
663
6681
7065
4890
5731
3905
6632
7191
3345
3844
6529
3520
2373
6083
7366
4068
6330
5373
278
5755
6476
5414
452
2764
3148
436
2249
2210
1892
1042
3410
1215
3005
4047
1935
403
1866
6643
38
7204
5822
2250
214
5079
2039
2735
7996
4517
5557
419
7302
7093
1351
5128
7452
1584
7820
4899
7695
658
5998
6880
5648
2422
5481
2180
1013
2213
1284
2957
5888
447
2727
3472
64
7717
489
896
5050
5353
3713
6196
4460
7035
3597
7386
3600
3981
6622
4665
5785
6668
4134
8062
7977
6067
4584
4248
898
6858
1663
6325
5227
1952
3712
7399
5091
863
5490
7564
106
7692
527
3101
5672
3996
505
8052
2473
3177
2876
5739
4727
1111
6654
6963
6051
5388
5530
2756
7713
2050
2652
2415
2842
2833
3820
3111
790
1056
1301
2670
4682
1401
4117
4532
3849
4385
6392
4526
2032
480
2319
3784
3094
7524
28
6869
4469
2715
5104
7819
1595
1311
7296
3264
6710
4646
6015
2485
4730
4574
2738
1572
7734
6532
5818
5509
3293
6343
4272
3861
3121
1579
4561
5354
7143
3697
6732
71
7198
1740
1500
428
1778
3800
2176
2635
1821
6068
4446
2866
2266
7765
3223
6716
7815
414
5469
4570
4668
6968
7190
6935
3459
4254
5235
4967
3125
5897
4706
3399
4343
4189
923
8107
723
5886
4685
3963
7752
6419
3300
8038
5203
5855
4027
678
7896
2242
6355
6357
6354
4631
5693
7182
479
2300
6257
5167
1113
999
5960
1498
5266
6274
1094
1106
4499
4820
1966
8123
3541
6218
3832
2412
4902
7648
4150
308
5559
1022
8099
1167
4397
4116
3612
5120
3567
711
3895
7730
713
6839
450
4613
6613
6351
1713
3732
5369
6081
245
1397
5676
1608
1150
203
6734
3106
5710
4554
5718
6408
6741
7702
2171
6867
2244
5441
3623
3956
7760
2536
806
1931
6259
1836
6102
7187
1178
3458
2779
689
4155
7017
2261
5662
352
2076
2477
6225
6838
6792
5320
7122
4780
5089
6122
5820
1741
6388
7072
3538
5438
4360
75
4238
6086
4551
7778
6174
1787
6944
3773
729
3409
7874
3100
378
4011
3562
1504
1633
3182
6649
3119
17
1162
824
784
8042
7412
6227
1372
6306
3998
1824
3928
6429
7676
3044
8098
7239
2544
4964
6192
620
3571
7509
733
2459
6696
7908
1290
4145
1677
6467
6169
1490
3720
3104
191
7117
2895
4463
5750
5805
1171
404
4694
4004
7404
5803
3630
875
3102
3937
5701
1312
6778
1571
133
4710
2543
1253
2052
5422
3122
7066
7665
5984
7308
7222
4317
4827
5770
2215
7788
3774
110
7735
94
7767
2369
6911
4937
1189
5222
2339
1412
1231
3536
7171
2144
7696
3896
5153
3225
7160
6058
6205
7286
7754
7511
2717
68
5082
2767
4961
3816
3694
5992
2346
5038
755
874
7432
1272
4217
3606
7499
7848
2302
5452
2991
6309
2212
2788
2024
1749
2694
3379
7805
5900
6098
162
1506
2020
5577
7089
4326
2790
545
3024
4770
1169
7791
1413
435
1753
5412
5936
6996
251
5141
501
5928
5171
5669
6841
5659
3772
5603
4942
6785
5800
5741
6053
1382
5733
4436
7790
7407
5572
993
722
577
861
4237
2051
6856
5308
991
1551
288
6107
6258
6946
6271
6368
5437
5449
5522
4202
5582
4008
7304
5968
5464
6477
3644
5269
443
3936
2592
1240
4876
4234
2082
2492
983
3763
1525
1673
515
3813
4745
904
5281
473
3463
4368
8106
1046
3319
1005
6828
3341
5891
4476
233
2505
235
1840
4641
2984
7606
7284
3332
1527
5553
2573
4000
5881
3460
4200
4120
5937
6816
3390
4501
459
3740
2501
5588
3510
4031
4836
5723
5970
3575
5579
7409
7770
2188
6652
6405
4916
2158
3493
6402
1133
6139
7058
3136
878
4698
2135
3446
1477
3288
5692
4963
2065
2398
4833
4634
6474
2569
5501
3211
772
2753
3643
395
851
963
5154
5620
2600
858
371
799
2372
652
7793
7235
7507
700
6506
1340
6033
905
3425
4567
8092
3277
6066
4497
4696
6403
1179
3730
5780
2031
4874
5206
766
5436
7971
7803
1885
2227
6063
6779
5390
1623
7867
1942
552
5136
4928
6721
7155
2272
1233
6992
4324
393
5391
4399
1243
2466
5475
5571
4438
2251
4377
2496
5835
5337
5871
6656
3588
3828
4893
3650
5365
3965
20
2574
5011
6235
7475
5682
6745
6692
5216
5411
6515
1679
5632
812
2425
1337
6801
538
6756
683
8034
136
4815
2860
1562
2994
4045
7257
2077
1098
362
6387
7633
3321
1754
8054
5558
4783
3733
7401
1438
6032
389
2099
3220
1173
5077
7652
7831
7015
4070
3123
282
4950
2566
7348
6470
15
8045
5074
3232
2831
6338
4089
3221
5512
622
440
4534
4379
3685
6527
5364
3727
1565
7104
4513
1324
3362
3481
621
2130
1734
2111
306
572
5706
1916
6808
1523
7992
7671
105
3253
2704
5028
207
1873
4188
7546
3006
4945
2711
170
7515
4531
6647
6846
5688
721
4796
5190
3815
3982
1648
4864
5329
934
5690
5085
5629
873
1694
1501
4286
2079
4542
6724
3438
4302
5306
6717
430
496
7344
1248
7044
5534
296
7771
7968
4687
5127
4714
5025
1620
197
7817
7037
748
2610
2742
2021
4523
2299
2582
1047
7851
3967
1221
7297
1991
2642
4281
4019
1779
1036
7657
329
3757
2376
341
4885
5157
423
675
2361
1485
4990
1262
962
7059
3258
5592
2680
2147
7205
2980
4103
4467
5668
698
3699
5484
7216
4174
4818
5830
1078
361
903
4882
4585
7759
5323
6238
6119
4861
638
7521
5866
6516
3993
3051
3432
1924
6315
4102
5430
7599
2943
2705
4572
4165
1870
154
3995
8079
5099
2055
1280
1788
4364
2338
1442
6284
2971
867
2926
5653
4601
2185
7068
7934
5903
6648
5454
5061
7777
7928
4214
1326
4290
6459
4888
6797
6541
4661
4018
3791
6006
4338
4115
6731
1832
4654
140
6328
2241
7638
7556
3278
5921
4952
25
1291
5102
6198
2617
123
1402
4520
5878
412
5416
6956
6440
6651
4154
1445
1319
566
2075
5208
6666
97
4808
518
2083
4296
6807
321
6919
4163
6076
7737
3239
7841
5207
4271
7703
3875
5087
2260
4760
677
5927
2151
6071
2166
4185
6702
3375
6820
866
4104
4471
6131
2679
2730
975
5146
4538
5568
204
3146
4323
6842
114
7667
7428
7670
599
2653
1266
6075
8117
3387
4525
947
6534
6660
3862
5806
4566
3715
3616
7460
5139
800
4726
929
581
4175
2798
5338
7018
3908
5680
3992
1967
7590
5793
776
8077
1512
8086
2093
7677
4315
5223
5704
6047
4611
5895
8097
4595
4684
5459
6924
6881
4930
5988
5823
7551
4351
4502
5008
2668
3411
2186
5196
7993
2547
1122
5834
335
3703
2383
4073
3544
4825
6751
7825
4524
3058
1472
4033
4507
1686
4204
1650
7553
3769
5600
1516
5772
7739
1303
1637
4480
4413
702
3065
4173
5957
3018
3771
5280
2352
1936
7358
5880
3261
3417
6059
6191
3019
4454
3317
7554
3308
6953
6883
3673
3788
838
4946
6445
1186
8071
1814
3236
6555
4886
1810
5417
2033
7513
5931
1329
4630
6337
6940
5496
5296
8064
690
6989
7362
6799
4192
2049
8102
5345
2962
8051
3092
84
3698
7170
7839
194
4280
4283
7986
4127
3474
4020
2310
4625
1044
7801
1898
4063
4981
2750
7832
5294
699
5118
2667
3831
909
827
7011
6352
2286
539
7798
2846
6336
970
7598
1140
654
4057
5756
1209
579
6361
4122
7178
6576
87
6186
6679
8131
5876
3171
5031
5439
173
2280
4404
1955
5007
2444
553
7862
4841
2054
4111
3636
695
6267
1250
5224
2950
2237
811
7006
148
7092
41
6450
2354
6103
4195
1458
275
7725
5499
6364
1813
4024
3711
6794
4177
7086
1559
4872
6607
3158
5052
4369
4023
4156
1718
2122
985
7372
6847
7651
3899
820
6895
6046
196
607
2058
3320
1462
592
1897
5963
3135
5447
1097
8080
6373
6391
7277
2636
917
5788
6463
5147
7325
950
5962
1317
692
4032
7039
141
4444
7048
2005
2816
869
302
3854
6798
2370
7295
6163
7271
1336
3947
1296
3435
4221
6565
4628
6350
2475
7645
7038
1883
5477
4983
1205
4853
1722
7520
7727
1585
586
4795
2907
4782
2584
1827
3929
3989
5022
2537
2200
7643
6055
2606
2581
2087
3175
2548
5708
1618
2509
3696
6584
6005
6637
7882
7209
4756
4153
4096
3470
6759
7618
5779
2417
5513
1332
3514
2567
2094
1341
1045
1323
2577
392
4284
7357
3205
7200
6568
6362
3919
6162
5695
5202
7118
7859
1274
3309
1719
7314
7690
265
1945
5985
5346
7742
5466
1882
4505
3244
1960
5067
2023
4017
6966
7837
2594
2841
5237
1370
5727
7738
5297
1015
688
3881
1052
1371
3130
2555
2357
7186
3893
2531
2758
2303
220
7330
3176
2719
1361
3902
4936
4318
4112
7087
8013
604
1259
4769
7154
5273
5813
4803
1783
6250
1224
1610
5213
2504
6146
1911
1519
2126
2137
4415
5268
1427
3202
4456
7424
3010
5696
4406
5251
5479
6144
285
6951
95
3428
6663
5138
4279
7883
5455
7578
1990
1339
6641
5243
7429
2988
3768
4243
7880
6615
7500
6603
7684
5403
7124
558
7367
4556
6082
7218
3439
5367
8089
7276
8032
1084
3958
951
2312
2401
7708
5113
4066
7207
7974
1748
5850
3303
7489
4086
1347
910
3361
7728
4911
5377
8087
5148
6265
5368
4158
3421
1213
7565
7678
7523
4991
3529
13
7743
7014
6064
7364
6197
5645
3193
4511
7079
4729
1590
6101
4167
6650
2483
5045
7647
5734
5106
6260
7101
7145
6054
709
2794
6173
2787
6256
7281
8033
3335
6422
6371
445
4362
7120
7259
718
5520
6642
7356
3147
4914
6024
4443
4931
5902
1328
6587
913
3200
5754
2538
6861
3307
4845
5174
2836
3475
2793
5673
6236
6827
4500
5116
205
850
2470
1033
290
292
1862
4988
4308
2136
73
1273
828
3471
6414
2362
5486
6546
2110
4737
6903
2292
4462
4074
6589
5336
7326
6404
4834
7900
2607
6562
23
2686
7309
1769
6623
4265
7870
1479
2546
1587
6317
1697
3351
2461
3792
6619
669
377
5330
104
7455
6982
1031
14
3134
4310
5824
4483
6479
2161
1600
1962
942
5242
1582
5328
644
117
3586
1807
1733
7527
3389
7854
4618
1016
3333
3310
2905
2783
40
267
6784
6802
969
4412
7047
3012
3357
2278
2440
5219
6662
2967
6433
5057
6567
4090
344
3994
328
1772
1030
3761
877
2565
5033
7041
1906
3950
2090
4822
2230
2867
2763
5956
1381
2647
4940
5523
1176
101
7973
5954
1473
7313
7563
693
7755
4422
1511
3311
7430
2982
5112
5396
5623
7249
2849
513
7461
6885
2344
633
7632
6894
2844
4333
2834
814
4586
6937
6133
6008
7436
1880
4755
7581
6279
7930
4108
849
5993
1614
3877
1391
3433
1537
3368
4119
2217
1645
1308
7706
3412
4810
1160
1823
6363
6399
7000
7484
7861
5614
273
4817
7224
5307
7040
3884
3397
7196
7814
6292
3376
4246
2933
3163
2612
7693
2770
6048
5661
7303
7694
7134
5319
2775
844
2578
7119
2443
5625
3255
1957
5721
1847
4371
3126
499
4199
6929
3304
167
4350
3710
1026
7914
1057
5312
5347
2008
83
3631
4713
7142
150
7408
6815
7472
5997
6485
254
4440
4222
3574
2889
7494
345
4498
1890
2806
3879
2268
5275
7537
6987
152
5705
7184
4344
6601
1190
1922
2490
319
6195
6158
6705
238
5164
7534
138
8036
1937
2797
1668
5405
3011
3652
3997
3099
1710
6916
5792
5463
1410
6997
5627
6088
8035
5140
1369
1555
3017
1884
4194
6635
6290
3115
4431
2317
4210
363
6106
4785
3793
2408
6949
5515
4863
1625
857
130
6961
4077
2803
108
5527
3028
6757
3847
5651
3939
2821
1156
7151
1132
512
3825
3259
6026
2762
4430
2726
7106
2557
5535
7886
1976
2913
7763
5370
2778
1867
2289
3633
5722
85
3354
4097
6339
4801
7990
6464
2630
601
661
5969
1184
3601
7254
2264
6893
4678
7262
6704
4327
4478
5976
4434
4535
8129
1032
53
7604
506
2851
4060
2815
7629
2484
6148
184
1755
3748
3957
4926
4232
5995
1130
3745
5753
228
8046
4766
7298
4690
519
3524
6979
2959
6359
649
2004
7242
7462
2327
3977
6242
4805
2118
705
5389
3489
